1;arms_factory;1960.00;9.55;1403.00;2.17;0
1;arms_factory;1959.00;9.78;1400.00;4.84;0
1;arms_factory;1960.00;10.00;1398.00;1.23;0
1;arms_factory;1959.00;9.95;1397.00;2.78;0
1;arms_factory;1955.00;9.60;1394.00;0.62;0
1;arms_factory;1959.00;9.53;1393.00;1.83;0
1;industrial_complex;1963.00;9.85;1405.00;5.95;0
1;industrial_complex;1961.00;9.80;1402.00;2.68;0
1;industrial_complex;1965.00;9.93;1401.00;3.90;0
1;industrial_complex;1959.00;9.78;1400.00;1.73;0
1;industrial_complex;1959.00;9.95;1396.00;4.40;0
1;industrial_complex;1959.00;9.75;1394.00;5.96;0
1;air_base;1956.00;9.65;1394.00;2.34;0
1;naval_base;1953.00;9.50;1396.00;-0.79;5399
1;naval_base;1965.00;10.00;1402.00;-3.46;5423
1;bunker;1961.00;9.80;1402.00;4.40;0
1;bunker;1956.00;9.78;1396.00;0.79;0
1;coastal_bunker;1963.00;9.57;1408.00;-3.46;0
1;coastal_bunker;1960.00;9.50;1392.00;-0.79;0
1;dockyard;1961.00;9.70;1395.00;-0.79;0
1;anti_air_building;1955.00;9.55;1393.00;0.69;0
1;anti_air_building;1964.00;10.10;1403.00;1.90;0
1;anti_air_building;1960.00;9.55;1403.00;4.91;0
1;synthetic_refinery;1959.00;9.78;1400.00;1.29;0
1;radar_station;1960.00;9.88;1400.00;4.93;0
1;rocket_site;1959.00;9.95;1397.00;0.34;0
1;nuclear_reactor;1955.00;9.60;1394.00;3.36;0
2;arms_factory;2049.00;9.95;1245.00;1.23;0
2;arms_factory;2044.00;12.05;1251.00;2.78;0
2;arms_factory;2037.00;11.85;1243.00;0.62;0
2;arms_factory;2046.00;10.93;1246.00;1.83;0
2;arms_factory;2054.00;11.20;1248.00;5.95;0
2;arms_factory;2039.00;11.63;1243.00;2.68;0
2;industrial_complex;2048.00;10.63;1246.00;3.90;0
2;industrial_complex;2056.00;11.23;1248.00;1.73;0
2;industrial_complex;2040.00;11.55;1244.00;4.40;0
2;industrial_complex;2058.00;11.30;1252.00;5.96;0
2;industrial_complex;2047.00;11.40;1249.00;2.34;0
2;industrial_complex;2040.00;11.68;1245.00;0.18;0
2;air_base;2056.00;11.32;1253.00;1.39;0
2;naval_base;2055.00;10.57;1245.00;0.24;5904
2;bunker;2058.00;11.25;1253.00;4.91;0
2;bunker;2047.00;11.32;1248.00;0.18;0
2;bunker;2045.00;11.50;1247.00;2.85;0
2;bunker;2049.00;11.40;1253.00;0.69;0
2;coastal_bunker;2055.00;10.57;1245.00;0.24;0
2;dockyard;2054.00;10.38;1245.00;0.24;0
2;anti_air_building;2062.00;10.78;1256.00;3.96;0
2;anti_air_building;2054.00;11.50;1252.00;0.34;0
2;anti_air_building;2046.00;11.85;1253.00;3.36;0
2;synthetic_refinery;2052.00;11.35;1257.00;4.57;0
2;radar_station;2050.00;11.40;1251.00;2.30;0
2;rocket_site;2048.00;11.48;1253.00;0.25;0
2;nuclear_reactor;2053.00;11.23;1257.00;0.35;0
3;arms_factory;2023.00;11.82;1235.00;0.62;0
3;arms_factory;2033.00;10.00;1234.00;1.83;0
3;arms_factory;2031.00;12.45;1243.00;5.95;0
3;arms_factory;2026.00;12.23;1238.00;2.68;0
3;arms_factory;2025.00;10.80;1234.00;3.90;0
3;arms_factory;2035.00;10.68;1236.00;1.73;0
3;industrial_complex;2028.00;9.73;1233.00;4.40;0
3;industrial_complex;2033.00;12.07;1240.00;5.96;0
3;industrial_complex;2042.00;9.75;1239.00;2.34;0
3;industrial_complex;2028.00;9.50;1231.00;0.18;0
3;industrial_complex;2034.00;10.35;1235.00;1.39;0
3;industrial_complex;2029.00;12.30;1240.00;4.40;0
3;air_base;2029.00;12.25;1239.00;0.79;0
3;naval_base;2027.00;9.50;1230.00;0.79;5904
3;naval_base;2032.00;9.50;1232.00;0.46;5904
3;naval_base;2045.00;9.50;1238.00;1.11;5904
3;bunker;2034.00;11.50;1238.00;0.69;0
3;bunker;2037.00;9.65;1234.00;1.90;0
3;bunker;2040.00;9.90;1238.00;4.91;0
3;bunker;2024.00;11.50;1235.00;1.29;0
3;coastal_bunker;2049.00;9.50;1241.00;1.11;0
3;coastal_bunker;2026.00;9.50;1230.00;0.79;0
3;coastal_bunker;2040.00;9.50;1234.00;0.46;0
3;dockyard;2044.00;9.50;1237.00;1.11;0
3;anti_air_building;2023.00;11.82;1235.00;2.41;0
3;anti_air_building;2031.00;12.20;1240.00;0.25;0
3;anti_air_building;2042.00;9.50;1238.00;0.35;0
3;synthetic_refinery;2026.00;12.23;1238.00;4.47;0
3;radar_station;2035.00;11.55;1239.00;2.23;0
3;rocket_site;2027.00;9.60;1232.00;3.87;0
3;nuclear_reactor;2027.00;9.95;1233.00;5.08;0
4;arms_factory;1972.00;9.50;1338.00;5.95;0
4;arms_factory;1971.00;10.07;1342.00;2.68;0
4;arms_factory;1976.00;9.50;1344.00;3.90;0
4;arms_factory;1967.00;9.50;1331.00;1.73;0
4;arms_factory;1966.00;10.00;1339.00;4.40;0
4;arms_factory;1970.00;9.50;1337.00;5.96;0
4;industrial_complex;1966.00;9.90;1346.00;2.34;0
4;industrial_complex;1974.00;9.63;1341.00;0.18;0
4;industrial_complex;1963.00;9.50;1349.00;1.39;0
4;industrial_complex;1975.00;9.55;1343.00;4.40;0
4;industrial_complex;1969.00;9.53;1336.00;0.79;0
4;industrial_complex;1974.00;9.50;1345.00;4.91;0
4;air_base;1964.00;10.00;1342.00;0.18;0
4;naval_base;1961.00;9.50;1335.00;-1.25;5235
4;naval_base;1965.00;9.50;1331.00;-0.69;5235
4;naval_base;1960.00;9.50;1347.00;-1.57;5235
4;bunker;1968.00;9.50;1333.00;4.91;0
4;bunker;1967.00;10.00;1345.00;1.29;0
4;bunker;1967.00;10.20;1341.00;3.96;0
4;coastal_bunker;1965.00;9.50;1333.00;-0.69;0
4;coastal_bunker;1962.00;9.50;1335.00;-1.25;0
4;coastal_bunker;1960.00;9.50;1345.00;-1.57;0
4;dockyard;1961.00;9.50;1335.00;-1.25;0
4;anti_air_building;1971.00;9.50;1337.00;0.25;0
4;anti_air_building;1966.00;9.90;1346.00;0.35;0
4;anti_air_building;1970.00;10.00;1341.00;4.47;0
4;synthetic_refinery;1964.00;9.50;1349.00;0.85;0
4;radar_station;1969.00;9.98;1340.00;3.71;0
4;rocket_site;1967.00;9.90;1338.00;5.08;0
4;nuclear_reactor;1961.00;9.50;1346.00;2.92;0
5;arms_factory;1936.00;11.70;225.00;3.90;0
5;arms_factory;1970.00;12.00;244.00;1.73;0
5;arms_factory;1960.00;11.80;248.00;4.40;0
5;arms_factory;1949.00;13.40;207.00;5.96;0
5;arms_factory;1950.00;11.40;252.00;2.34;0
5;arms_factory;1979.00;13.25;256.00;0.18;0
5;industrial_complex;1942.00;12.35;216.00;1.39;0
5;industrial_complex;1981.00;12.45;1325.00;4.40;0
5;industrial_complex;1951.00;11.80;240.00;0.79;0
5;industrial_complex;1941.00;11.55;224.00;4.91;0
5;industrial_complex;1977.00;12.30;243.00;0.18;0
5;industrial_complex;1966.00;11.70;247.00;2.85;0
5;air_base;1962.00;12.53;231.00;0.69;0
5;naval_base;1953.00;14.40;198.00;-0.17;2606
5;naval_base;1957.00;9.50;1319.00;-1.57;5235
5;naval_base;1965.00;9.50;1323.00;-2.82;5235
5;naval_base;1967.00;9.50;1325.00;-1.57;5235
5;bunker;1952.00;11.60;242.00;0.34;0
5;bunker;1969.00;9.60;1324.00;3.36;0
5;bunker;1983.00;12.60;1323.00;4.57;0
5;bunker;1968.00;9.85;1320.00;2.41;0
5;bunker;1957.00;9.63;1312.00;0.25;0
5;coastal_bunker;1937.00;14.40;193.00;-0.17;0
5;coastal_bunker;1962.00;9.50;1319.00;-2.82;0
5;coastal_bunker;1959.00;9.50;1311.00;-1.57;0
5;coastal_bunker;1968.00;9.50;1325.00;-1.57;0
5;dockyard;1951.00;11.50;254.00;-1.14;0
5;anti_air_building;1948.00;11.25;245.00;2.92;0
5;anti_air_building;1955.00;14.03;202.00;5.58;0
5;anti_air_building;1978.00;12.40;248.00;0.86;0
5;synthetic_refinery;1978.00;12.50;229.00;3.52;0
5;radar_station;1960.00;12.82;263.00;1.77;0
5;rocket_site;1970.00;12.40;257.00;4.03;0
5;nuclear_reactor;1941.00;10.90;237.00;5.59;0
6;arms_factory;2007.00;10.78;1340.00;4.40;0
6;arms_factory;2006.00;14.75;1329.00;5.96;0
6;arms_factory;1979.00;10.98;1333.00;2.34;0
6;arms_factory;2004.00;13.82;1335.00;0.18;0
6;arms_factory;2006.00;12.20;1338.00;1.39;0
6;arms_factory;2002.00;14.38;1331.00;4.40;0
6;industrial_complex;1993.00;13.75;1330.00;0.79;0
6;industrial_complex;2000.00;11.50;1339.00;4.91;0
6;industrial_complex;2008.00;13.50;1336.00;0.18;0
6;industrial_complex;1987.00;13.05;1327.00;2.85;0
6;industrial_complex;1995.00;13.82;1332.00;0.69;0
6;industrial_complex;1996.00;12.60;1337.00;1.90;0
6;air_base;2010.00;13.40;1337.00;4.91;0
6;bunker;1989.00;13.40;1325.00;1.29;0
6;bunker;2006.00;14.82;1328.00;3.96;0
6;bunker;1982.00;11.43;1334.00;0.34;0
6;bunker;2010.00;11.05;1341.00;3.36;0
6;bunker;1989.00;12.68;1334.00;4.57;0
6;bunker;2001.00;11.57;1339.00;2.41;0
6;anti_air_building;1978.00;11.75;1330.00;0.25;0
6;anti_air_building;1992.00;12.68;1336.00;0.35;0
6;anti_air_building;1990.00;13.57;1324.00;4.47;0
6;synthetic_refinery;2006.00;14.82;1328.00;0.85;0
6;radar_station;1995.00;13.82;1332.00;3.71;0
6;rocket_site;1989.00;12.68;1334.00;5.08;0
6;nuclear_reactor;2005.00;12.80;1337.00;2.92;0
7;arms_factory;1987.00;11.25;1253.00;2.34;0
7;arms_factory;1990.00;11.00;1251.00;0.18;0
7;arms_factory;1967.00;10.15;1250.00;1.39;0
7;arms_factory;1983.00;10.63;1251.00;4.40;0
7;arms_factory;1977.00;10.55;1255.00;0.79;0
7;arms_factory;1969.00;9.85;1247.00;4.91;0
7;industrial_complex;1977.00;10.48;1253.00;0.18;0
7;industrial_complex;1976.00;10.50;1255.00;2.85;0
7;industrial_complex;1963.00;10.10;1255.00;0.69;0
7;industrial_complex;1972.00;10.25;1253.00;1.90;0
7;industrial_complex;1962.00;10.10;1253.00;4.91;0
7;industrial_complex;1961.00;9.75;1246.00;1.29;0
7;air_base;1972.00;10.10;1249.00;3.96;0
7;naval_base;1960.00;9.50;1243.00;0.59;5803
7;naval_base;1969.00;9.50;1243.00;-1.25;5803
7;bunker;1977.00;10.07;1245.00;4.57;0
7;bunker;1969.00;10.25;1254.00;2.41;0
7;bunker;1973.00;10.25;1253.00;0.25;0
7;bunker;1982.00;10.78;1253.00;0.35;0
7;bunker;1963.00;10.10;1248.00;4.47;0
7;bunker;1986.00;10.25;1245.00;0.85;0
7;bunker;1956.00;10.18;1251.00;3.87;0
7;bunker;1985.00;11.25;1254.00;5.08;0
7;coastal_bunker;1963.00;9.50;1243.00;0.59;0
7;coastal_bunker;1969.00;9.50;1242.00;-1.25;0
7;dockyard;1965.00;9.50;1243.00;0.59;0
7;anti_air_building;1973.00;10.15;1250.00;3.52;0
7;anti_air_building;1960.00;10.15;1250.00;1.36;0
7;anti_air_building;1975.00;10.50;1254.00;4.03;0
7;synthetic_refinery;1975.00;10.10;1246.00;5.59;0
7;radar_station;1973.00;10.20;1251.00;3.95;0
7;rocket_site;1969.00;9.50;1245.00;4.64;0
7;nuclear_reactor;1967.00;9.50;1244.00;2.48;0
8;arms_factory;1974.00;9.50;1234.00;1.39;0
8;arms_factory;1992.00;10.07;1242.00;4.40;0
8;arms_factory;1989.00;9.50;1238.00;0.79;0
8;arms_factory;1981.00;9.55;1240.00;4.91;0
8;arms_factory;1976.00;9.50;1237.00;0.18;0
8;arms_factory;1991.00;10.15;1244.00;2.85;0
8;industrial_complex;1993.00;9.70;1240.00;0.69;0
8;industrial_complex;1984.00;10.00;1242.00;1.90;0
8;industrial_complex;1979.00;9.50;1239.00;4.91;0
8;industrial_complex;1974.00;9.50;1235.00;1.29;0
8;industrial_complex;1989.00;10.10;1243.00;3.96;0
8;industrial_complex;1992.00;9.50;1239.00;0.34;0
8;air_base;1982.00;9.65;1240.00;3.36;0
8;bunker;1980.00;9.50;1237.00;4.57;0
8;bunker;1990.00;9.55;1240.00;2.41;0
8;bunker;1993.00;10.07;1242.00;0.25;0
8;anti_air_building;1983.00;10.00;1243.00;0.35;0
8;anti_air_building;1981.00;9.57;1239.00;4.47;0
8;anti_air_building;1974.00;9.50;1236.00;0.85;0
8;synthetic_refinery;1990.00;10.05;1243.00;3.87;0
8;radar_station;1985.00;9.85;1241.00;0.36;0
8;rocket_site;1981.00;9.63;1241.00;2.92;0
8;nuclear_reactor;1981.00;9.50;1237.00;5.58;0
9;arms_factory;2012.00;11.30;1230.00;0.79;0
9;arms_factory;2021.00;9.85;1225.00;4.91;0
9;arms_factory;2020.00;11.40;1231.00;0.18;0
9;arms_factory;2005.00;9.50;1226.00;2.85;0
9;arms_factory;1998.00;10.32;1242.00;0.69;0
9;arms_factory;2012.00;10.20;1226.00;1.90;0
9;industrial_complex;2001.00;9.60;1230.00;4.91;0
9;industrial_complex;2008.00;9.93;1226.00;1.29;0
9;industrial_complex;1998.00;10.40;1243.00;3.96;0
9;industrial_complex;2022.00;10.07;1228.00;0.34;0
9;industrial_complex;2006.00;10.32;1229.00;3.36;0
9;industrial_complex;2013.00;10.63;1227.00;4.57;0
9;air_base;2000.00;10.55;1243.00;2.41;0
9;naval_base;2017.00;9.50;1222.00;1.33;5904
9;naval_base;2025.00;9.50;1227.00;1.11;5904
9;bunker;2011.00;10.93;1228.00;4.47;0
9;bunker;2009.00;11.05;1230.00;0.85;0
9;bunker;1998.00;9.85;1235.00;3.87;0
9;bunker;2013.00;9.55;1224.00;5.08;0
9;bunker;2023.00;9.98;1229.00;2.92;0
9;bunker;2001.00;10.63;1238.00;5.58;0
9;bunker;2008.00;9.70;1225.00;0.86;0
9;bunker;1999.00;10.55;1244.00;3.52;0
9;bunker;1995.00;9.50;1233.00;1.36;0
9;coastal_bunker;2026.00;9.50;1229.00;1.11;0
9;coastal_bunker;2019.00;9.50;1223.00;1.33;0
9;dockyard;2016.00;9.50;1222.00;1.33;0
9;anti_air_building;1998.00;9.50;1233.00;4.64;0
9;anti_air_building;2019.00;10.55;1227.00;2.48;0
9;anti_air_building;2000.00;9.78;1233.00;4.03;0
9;synthetic_refinery;1999.00;10.38;1239.00;0.41;0
9;radar_station;2012.00;11.82;1235.00;5.35;0
9;rocket_site;2021.00;10.23;1227.00;0.92;0
9;nuclear_reactor;2002.00;10.13;1233.00;1.02;0
10;arms_factory;1983.00;11.55;1261.00;0.18;0
10;arms_factory;1989.00;12.35;1266.00;2.85;0
10;arms_factory;1993.00;12.00;1258.00;0.69;0
10;arms_factory;2000.00;12.60;1265.00;1.90;0
10;arms_factory;1988.00;12.20;1262.00;4.91;0
10;arms_factory;1986.00;11.85;1261.00;1.29;0
10;industrial_complex;1980.00;11.25;1261.00;3.96;0
10;industrial_complex;1994.00;12.45;1271.00;0.34;0
10;industrial_complex;1994.00;12.50;1269.00;3.36;0
10;industrial_complex;1997.00;12.75;1265.00;4.57;0
10;industrial_complex;1982.00;11.55;1262.00;2.41;0
10;industrial_complex;1992.00;12.23;1260.00;0.25;0
10;air_base;1983.00;11.48;1260.00;0.35;0
10;bunker;1996.00;12.45;1262.00;4.47;0
10;bunker;1989.00;12.35;1267.00;0.85;0
10;bunker;2002.00;12.80;1267.00;3.87;0
10;bunker;1992.00;11.55;1255.00;5.08;0
10;bunker;1983.00;11.25;1258.00;2.92;0
10;bunker;1982.00;11.55;1262.00;5.58;0
10;anti_air_building;1992.00;12.30;1262.00;0.86;0
10;anti_air_building;1990.00;12.30;1261.00;3.52;0
10;anti_air_building;1984.00;11.60;1261.00;1.36;0
10;synthetic_refinery;1994.00;12.40;1272.00;4.03;0
10;radar_station;1994.00;12.50;1264.00;1.01;0
10;rocket_site;2001.00;12.68;1265.00;3.42;0
10;nuclear_reactor;1984.00;11.80;1263.00;4.64;0
11;arms_factory;2005.00;12.20;1260.00;0.69;0
11;arms_factory;2731.00;10.78;1710.00;1.90;0
11;arms_factory;2010.00;12.30;1256.00;4.91;0
11;arms_factory;1997.00;11.15;1250.00;1.29;0
11;arms_factory;2727.00;10.48;1707.00;3.96;0
11;arms_factory;2727.00;10.70;1711.00;0.34;0
11;industrial_complex;2009.00;12.07;1253.00;3.36;0
11;industrial_complex;2000.00;11.25;1251.00;4.57;0
11;industrial_complex;2010.00;12.53;1259.00;2.41;0
11;industrial_complex;2007.00;12.20;1259.00;0.25;0
11;industrial_complex;2008.00;12.00;1254.00;0.35;0
11;industrial_complex;2725.00;10.63;1713.00;4.47;0
11;air_base;2000.00;11.90;1257.00;0.85;0
11;naval_base;2730.00;10.85;1713.00;-4.14;8367
11;bunker;2729.00;10.70;1710.00;5.08;0
11;bunker;2009.00;12.15;1254.00;2.92;0
11;bunker;2007.00;11.93;1256.00;5.58;0
11;bunker;2005.00;11.85;1256.00;0.86;0
11;coastal_bunker;2732.00;11.00;1713.00;-4.14;0
11;dockyard;2726.00;10.80;1714.00;-4.14;0
11;anti_air_building;1998.00;11.32;1251.00;4.03;0
11;anti_air_building;2003.00;11.70;1256.00;5.59;0
11;anti_air_building;2006.00;12.07;1259.00;3.42;0
11;synthetic_refinery;2730.00;10.60;1709.00;4.64;0
11;radar_station;2012.00;13.48;1263.00;3.18;0
11;rocket_site;1998.00;11.95;1257.00;4.03;0
11;nuclear_reactor;2729.00;10.50;1705.00;0.41;0
12;arms_factory;2015.00;13.88;1245.00;4.91;0
12;arms_factory;2008.00;12.00;1247.00;1.29;0
12;arms_factory;2007.00;11.78;1247.00;3.96;0
12;arms_factory;2011.00;12.85;1246.00;0.34;0
12;arms_factory;2017.00;13.90;1244.00;3.36;0
12;arms_factory;2017.00;13.90;1244.00;4.57;0
12;industrial_complex;2009.00;12.35;1246.00;2.41;0
12;industrial_complex;2009.00;12.65;1245.00;0.25;0
12;industrial_complex;2008.00;12.38;1245.00;0.35;0
12;industrial_complex;2014.00;14.23;1244.00;4.47;0
12;industrial_complex;2016.00;13.98;1243.00;0.85;0
12;industrial_complex;2012.00;14.00;1244.00;3.87;0
12;air_base;2011.00;13.63;1244.00;5.08;0
12;bunker;2013.00;14.28;1243.00;2.92;0
12;bunker;2013.00;13.40;1246.00;5.58;0
12;bunker;2019.00;12.18;1235.00;0.86;0
12;bunker;2021.00;12.68;1241.00;3.52;0
12;bunker;2009.00;12.60;1240.00;1.36;0
12;anti_air_building;2009.00;13.10;1243.00;4.03;0
12;anti_air_building;2016.00;13.40;1241.00;5.59;0
12;anti_air_building;2016.00;13.40;1241.00;3.42;0
12;synthetic_refinery;2014.00;14.05;1242.00;4.64;0
12;radar_station;2016.00;13.75;1242.00;3.18;0
12;rocket_site;2015.00;13.55;1241.00;4.03;0
12;nuclear_reactor;2018.00;12.98;1240.00;0.41;0
13;arms_factory;2027.00;12.07;1324.00;3.96;0
13;arms_factory;2032.00;11.07;1328.00;0.34;0
13;arms_factory;2036.00;10.63;1337.00;3.36;0
13;arms_factory;2029.00;11.80;1334.00;4.57;0
13;arms_factory;2041.00;10.50;1331.00;2.41;0
13;arms_factory;2019.00;13.35;1329.00;0.25;0
13;industrial_complex;2021.00;12.90;1327.00;0.35;0
13;industrial_complex;2016.00;12.68;1339.00;4.47;0
13;industrial_complex;2034.00;10.70;1327.00;0.85;0
13;industrial_complex;2025.00;12.43;1331.00;3.87;0
13;industrial_complex;2032.00;11.25;1323.00;5.08;0
13;industrial_complex;2018.00;13.35;1333.00;2.92;0
13;air_base;2040.00;10.30;1336.00;5.58;0
13;naval_base;2024.00;10.07;1339.00;-3.46;5313
13;naval_base;2039.00;9.55;1340.00;-4.25;5313
13;naval_base;2041.00;10.50;1330.00;1.37;5313
13;naval_base;2028.00;10.38;1339.00;-3.46;5313
13;bunker;2031.00;11.48;1322.00;5.59;0
13;bunker;2037.00;10.28;1338.00;3.42;0
13;bunker;2019.00;13.35;1328.00;4.64;0
13;bunker;2030.00;10.63;1339.00;2.48;0
13;bunker;2037.00;10.48;1325.00;4.03;0
13;bunker;2017.00;12.55;1339.00;0.41;0
13;coastal_bunker;2043.00;10.28;1332.00;-4.25;0
13;coastal_bunker;2032.00;10.10;1340.00;-3.46;0
13;coastal_bunker;2022.00;10.68;1340.00;-3.46;0
13;coastal_bunker;2041.00;10.50;1330.00;1.37;0
13;dockyard;2018.00;10.40;1343.00;-3.46;0
13;anti_air_building;2037.00;10.48;1325.00;4.54;0
13;anti_air_building;2037.00;10.78;1335.00;0.92;0
13;anti_air_building;2020.00;10.32;1342.00;3.59;0
13;synthetic_refinery;2033.00;10.98;1330.00;1.43;0
13;radar_station;2028.00;12.00;1332.00;4.13;0
13;rocket_site;2033.00;10.93;1325.00;5.65;0
13;nuclear_reactor;2024.00;11.68;1336.00;2.04;0
14;arms_factory;2033.00;12.45;1302.00;3.36;0
14;arms_factory;2031.00;12.53;1304.00;4.57;0
14;arms_factory;2037.00;10.70;1320.00;2.41;0
14;arms_factory;2029.00;12.73;1315.00;0.25;0
14;arms_factory;2028.00;12.75;1316.00;0.35;0
14;arms_factory;2033.00;12.30;1304.00;4.47;0
14;industrial_complex;2020.00;14.85;1303.00;0.85;0
14;industrial_complex;2031.00;12.30;1315.00;3.87;0
14;industrial_complex;2030.00;12.40;1316.00;5.08;0
14;industrial_complex;2021.00;14.38;1307.00;2.92;0
14;industrial_complex;2022.00;14.15;1303.00;5.58;0
14;industrial_complex;2022.00;14.15;1304.00;0.86;0
14;air_base;2030.00;12.60;1305.00;3.52;0
14;naval_base;2038.00;11.35;1307.00;0.24;5976
14;naval_base;2036.00;11.93;1304.00;1.11;5976
14;bunker;2025.00;13.43;1307.00;5.59;0
14;bunker;2029.00;12.75;1311.00;3.42;0
14;bunker;2032.00;12.50;1302.00;4.64;0
14;bunker;2028.00;12.35;1319.00;2.48;0
14;bunker;2036.00;11.23;1317.00;4.03;0
14;coastal_bunker;2035.00;12.40;1299.00;1.11;0
14;coastal_bunker;2042.00;10.45;1321.00;-3.82;0
14;dockyard;2035.00;13.53;1295.00;1.11;0
14;anti_air_building;2027.00;13.20;1311.00;1.02;0
14;anti_air_building;2034.00;11.45;1317.00;5.15;0
14;anti_air_building;2037.00;10.93;1318.00;2.98;0
14;synthetic_refinery;2040.00;10.63;1319.00;4.54;0
14;radar_station;2030.00;12.53;1310.00;1.95;0
14;rocket_site;2031.00;12.60;1302.00;3.59;0
14;nuclear_reactor;2039.00;10.85;1318.00;1.43;0
15;arms_factory;2006.00;14.20;1311.00;2.41;0
15;arms_factory;2015.00;14.35;1298.00;0.25;0
15;arms_factory;2019.00;14.28;1297.00;0.35;0
15;arms_factory;2010.00;14.82;1313.00;4.47;0
15;arms_factory;2006.00;14.13;1310.00;0.85;0
15;arms_factory;2010.00;14.10;1305.00;3.87;0
15;industrial_complex;2012.00;14.05;1301.00;5.08;0
15;industrial_complex;2013.00;15.40;1312.00;2.92;0
15;industrial_complex;2014.00;15.43;1315.00;5.58;0
15;industrial_complex;2010.00;14.07;1304.00;0.86;0
15;industrial_complex;2012.00;14.35;1308.00;3.52;0
15;industrial_complex;2018.00;14.10;1294.00;1.36;0
15;air_base;2014.00;15.55;1314.00;4.03;0
15;bunker;2002.00;13.50;1308.00;5.59;0
15;bunker;2011.00;14.48;1317.00;3.42;0
15;bunker;2014.00;14.35;1305.00;4.64;0
15;bunker;2021.00;14.10;1293.00;2.48;0
15;bunker;2013.00;14.13;1301.00;4.03;0
15;anti_air_building;2005.00;13.98;1310.00;0.41;0
15;anti_air_building;2013.00;14.90;1310.00;3.08;0
15;anti_air_building;2012.00;14.05;1301.00;0.92;0
15;synthetic_refinery;2011.00;15.05;1312.00;1.02;0
15;radar_station;2012.00;14.05;1304.00;6.07;0
15;rocket_site;2010.00;14.07;1304.00;2.98;0
15;nuclear_reactor;2011.00;14.20;1300.00;4.54;0
16;arms_factory;1981.00;11.13;1311.00;0.35;0
16;arms_factory;1986.00;12.35;1311.00;4.47;0
16;arms_factory;1986.00;11.93;1297.00;0.85;0
16;arms_factory;1992.00;13.53;1319.00;3.87;0
16;arms_factory;1989.00;13.40;1318.00;5.08;0
16;arms_factory;1990.00;12.75;1302.00;2.92;0
16;industrial_complex;1982.00;10.75;1308.00;5.58;0
16;industrial_complex;1981.00;9.68;1306.00;0.86;0
16;industrial_complex;1985.00;12.28;1312.00;3.52;0
16;industrial_complex;1988.00;12.40;1310.00;1.36;0
16;industrial_complex;1987.00;12.38;1309.00;4.03;0
16;industrial_complex;1992.00;13.45;1318.00;5.59;0
16;air_base;1989.00;13.28;1317.00;3.42;0
16;naval_base;1976.00;9.50;1312.00;-1.57;5235
16;naval_base;1981.00;9.85;1301.00;-1.57;5803
16;bunker;1984.00;11.05;1305.00;4.03;0
16;bunker;1989.00;13.53;1319.00;0.41;0
16;bunker;1988.00;12.53;1307.00;3.08;0
16;bunker;1981.00;10.65;1309.00;0.92;0
16;coastal_bunker;1981.00;9.85;1299.00;-1.57;0
16;coastal_bunker;1976.00;9.50;1310.00;-1.57;0
16;dockyard;1976.00;9.50;1313.00;-1.57;0
16;anti_air_building;1985.00;11.73;1300.00;4.54;0
16;anti_air_building;1990.00;12.82;1307.00;0.92;0
16;anti_air_building;1990.00;12.90;1306.00;3.59;0
16;synthetic_refinery;1981.00;11.35;1313.00;1.43;0
16;radar_station;1986.00;12.18;1307.00;4.13;0
16;rocket_site;1980.00;10.70;1315.00;5.65;0
16;nuclear_reactor;1986.00;12.05;1298.00;2.04;0
17;arms_factory;2015.00;13.70;1322.00;0.85;0
17;arms_factory;2003.00;14.57;1319.00;3.87;0
17;arms_factory;1998.00;13.90;1315.00;5.08;0
17;arms_factory;2020.00;13.38;1321.00;2.92;0
17;arms_factory;1999.00;14.57;1319.00;5.58;0
17;arms_factory;1999.00;13.80;1314.00;0.86;0
17;industrial_complex;2018.00;13.57;1321.00;3.52;0
17;industrial_complex;2002.00;14.75;1318.00;1.36;0
17;industrial_complex;1995.00;13.60;1314.00;4.03;0
17;industrial_complex;2022.00;13.20;1320.00;5.59;0
17;industrial_complex;1998.00;14.35;1318.00;3.42;0
17;industrial_complex;1999.00;13.60;1313.00;4.64;0
17;air_base;2018.00;13.80;1320.00;2.48;0
17;bunker;1999.00;14.55;1317.00;4.03;0
17;bunker;1994.00;13.35;1312.00;0.41;0
17;bunker;2020.00;13.53;1320.00;3.08;0
17;bunker;2000.00;13.90;1314.00;0.92;0
17;bunker;2007.00;15.05;1325.00;1.02;0
17;anti_air_building;2020.00;13.75;1319.00;5.15;0
17;anti_air_building;1998.00;14.20;1316.00;2.98;0
17;anti_air_building;1996.00;13.32;1311.00;4.54;0
17;synthetic_refinery;2022.00;13.48;1318.00;0.92;0
17;radar_station;2008.00;14.43;1315.00;4.89;0
17;rocket_site;1994.00;13.20;1311.00;1.43;0
17;nuclear_reactor;2018.00;14.45;1318.00;1.53;0
18;arms_factory;2040.00;12.40;1256.00;5.08;0
18;arms_factory;2039.00;12.75;1257.00;2.92;0
18;arms_factory;2042.00;12.40;1257.00;5.58;0
18;arms_factory;2034.00;13.45;1258.00;0.86;0
18;arms_factory;2037.00;13.28;1259.00;3.52;0
18;arms_factory;2034.00;13.53;1259.00;1.36;0
18;industrial_complex;2030.00;15.20;1268.00;4.03;0
18;industrial_complex;2035.00;13.65;1260.00;5.59;0
18;industrial_complex;2037.00;14.60;1268.00;3.42;0
18;industrial_complex;2037.00;14.73;1269.00;4.64;0
18;industrial_complex;2041.00;12.98;1260.00;2.48;0
18;industrial_complex;2026.00;15.90;1262.00;4.03;0
18;air_base;2030.00;15.10;1262.00;0.41;0
18;bunker;2033.00;14.45;1262.00;3.08;0
18;bunker;2037.00;12.95;1257.00;0.92;0
18;bunker;2040.00;13.48;1262.00;1.02;0
18;bunker;2040.00;12.30;1255.00;5.15;0
18;bunker;2035.00;13.40;1258.00;2.98;0
18;bunker;2030.00;15.32;1267.00;4.54;0
18;anti_air_building;2034.00;14.68;1265.00;0.92;0
18;anti_air_building;2042.00;12.30;1256.00;3.59;0
18;anti_air_building;2040.00;12.60;1257.00;1.43;0
18;synthetic_refinery;2037.00;13.13;1258.00;1.53;0
18;radar_station;2034.00;14.28;1262.00;0.79;0
18;rocket_site;2032.00;13.65;1259.00;2.04;0
18;nuclear_reactor;2035.00;13.45;1259.00;4.70;0
19;arms_factory;2020.00;13.40;1256.00;5.58;0
19;arms_factory;2023.00;14.05;1258.00;0.86;0
19;arms_factory;2018.00;13.70;1257.00;3.52;0
19;arms_factory;2024.00;14.50;1259.00;1.36;0
19;arms_factory;2028.00;13.50;1254.00;4.03;0
19;arms_factory;2019.00;13.35;1254.00;5.59;0
19;industrial_complex;2024.00;13.25;1256.00;3.42;0
19;industrial_complex;2023.00;13.28;1247.00;4.64;0
19;industrial_complex;2022.00;13.63;1257.00;2.48;0
19;industrial_complex;2031.00;13.40;1253.00;4.03;0
19;industrial_complex;2018.00;13.30;1251.00;0.41;0
19;industrial_complex;2030.00;13.38;1252.00;3.08;0
19;air_base;2016.00;13.15;1252.00;0.92;0
19;bunker;2016.00;13.60;1258.00;1.02;0
19;bunker;2031.00;12.82;1249.00;5.15;0
19;bunker;2028.00;13.38;1251.00;2.98;0
19;bunker;2021.00;13.07;1252.00;4.54;0
19;bunker;2016.00;13.28;1250.00;0.92;0
19;anti_air_building;2023.00;13.05;1255.00;3.59;0
19;anti_air_building;2023.00;13.05;1253.00;1.43;0
19;anti_air_building;2021.00;13.40;1256.00;1.53;0
19;synthetic_refinery;2019.00;14.30;1259.00;5.65;0
19;radar_station;2026.00;13.30;1254.00;2.26;0
19;rocket_site;2023.00;14.82;1260.00;4.70;0
19;nuclear_reactor;2026.00;13.38;1250.00;6.26;0
20;arms_factory;1986.00;12.35;1279.00;3.52;0
20;arms_factory;1977.00;10.43;1276.00;1.36;0
20;arms_factory;1985.00;12.32;1280.00;4.03;0
20;arms_factory;1979.00;11.60;1267.00;5.59;0
20;arms_factory;1986.00;12.45;1281.00;3.42;0
20;arms_factory;1983.00;11.85;1282.00;4.64;0
20;industrial_complex;1986.00;12.45;1282.00;2.48;0
20;industrial_complex;1995.00;12.53;1277.00;4.03;0
20;industrial_complex;1974.00;11.10;1270.00;0.41;0
20;industrial_complex;1971.00;10.28;1271.00;3.08;0
20;industrial_complex;1974.00;11.00;1271.00;0.92;0
20;industrial_complex;1981.00;11.93;1271.00;1.02;0
20;air_base;1974.00;10.80;1272.00;5.15;0
20;naval_base;1978.00;9.95;1278.00;-1.89;5803
20;naval_base;1975.00;9.70;1276.00;-2.16;5803
20;bunker;1980.00;11.10;1277.00;0.92;0
20;bunker;1977.00;11.55;1269.00;3.59;0
20;bunker;1978.00;11.70;1271.00;1.43;0
20;bunker;1985.00;12.25;1277.00;1.53;0
20;bunker;1990.00;12.53;1278.00;5.65;0
20;coastal_bunker;1969.00;9.70;1272.00;-2.16;0
20;coastal_bunker;1981.00;10.35;1285.00;-1.89;0
20;dockyard;1973.00;9.90;1274.00;-2.16;0
20;anti_air_building;1984.00;12.20;1281.00;4.10;0
20;anti_air_building;1981.00;10.80;1282.00;0.48;0
20;anti_air_building;1984.00;12.20;1282.00;3.15;0
20;synthetic_refinery;1993.00;12.45;1277.00;6.16;0
20;radar_station;1983.00;12.15;1275.00;2.91;0
20;rocket_site;1975.00;11.35;1270.00;5.22;0
20;nuclear_reactor;1981.00;12.00;1270.00;0.49;0
21;arms_factory;2019.00;14.45;1282.00;4.03;0
21;arms_factory;2026.00;14.70;1278.00;5.59;0
21;arms_factory;2023.00;14.25;1275.00;3.42;0
21;arms_factory;2022.00;14.20;1279.00;4.64;0
21;arms_factory;2013.00;14.15;1291.00;2.48;0
21;arms_factory;2015.00;14.60;1288.00;4.03;0
21;industrial_complex;2015.00;14.05;1292.00;0.41;0
21;industrial_complex;2025.00;14.55;1283.00;3.08;0
21;industrial_complex;2027.00;14.43;1286.00;0.92;0
21;industrial_complex;2020.00;14.40;1284.00;1.02;0
21;industrial_complex;2020.00;14.45;1282.00;5.15;0
21;industrial_complex;2016.00;13.93;1279.00;2.98;0
21;air_base;2023.00;14.25;1275.00;4.54;0
21;bunker;2013.00;14.73;1284.00;0.92;0
21;bunker;2019.00;14.45;1282.00;3.59;0
21;bunker;2017.00;14.45;1288.00;1.43;0
21;bunker;2018.00;14.40;1287.00;1.53;0
21;anti_air_building;2026.00;14.60;1283.00;5.65;0
21;anti_air_building;2017.00;14.55;1287.00;2.04;0
21;anti_air_building;2021.00;14.00;1278.00;4.70;0
21;synthetic_refinery;2020.00;14.45;1282.00;6.26;0
21;radar_station;2018.00;14.48;1284.00;4.44;0
21;rocket_site;2008.00;14.10;1291.00;0.48;0
21;nuclear_reactor;2014.00;14.75;1284.00;3.15;0
22;arms_factory;2004.00;13.28;1274.00;3.42;0
22;arms_factory;2019.00;14.53;1264.00;4.64;0
22;arms_factory;2003.00;13.20;1276.00;2.48;0
22;arms_factory;2000.00;12.90;1276.00;4.03;0
22;arms_factory;2000.00;13.13;1279.00;0.41;0
22;arms_factory;2009.00;13.75;1276.00;3.08;0
22;industrial_complex;2012.00;13.88;1278.00;0.92;0
22;industrial_complex;2009.00;14.05;1278.00;1.02;0
22;industrial_complex;2010.00;13.48;1268.00;5.15;0
22;industrial_complex;2017.00;13.20;1274.00;2.98;0
22;industrial_complex;2018.00;13.35;1273.00;4.54;0
22;industrial_complex;2011.00;13.60;1266.00;0.92;0
22;air_base;2020.00;14.60;1265.00;3.59;0
22;bunker;2012.00;13.82;1268.00;1.43;0
22;bunker;2015.00;13.20;1272.00;1.53;0
22;bunker;2012.00;13.68;1277.00;5.65;0
22;bunker;2005.00;14.25;1283.00;2.04;0
22;bunker;2009.00;13.45;1269.00;4.70;0
22;anti_air_building;2016.00;13.75;1269.00;6.26;0
22;anti_air_building;2024.00;15.05;1268.00;4.10;0
22;anti_air_building;2009.00;13.45;1270.00;0.48;0
22;synthetic_refinery;2006.00;13.38;1272.00;3.15;0
22;radar_station;2013.00;13.05;1273.00;0.32;0
22;rocket_site;2000.00;12.82;1274.00;1.09;0
22;nuclear_reactor;2000.00;12.75;1273.00;5.22;0
23;arms_factory;1976.00;11.00;1263.00;2.48;0
23;arms_factory;1965.00;10.18;1261.00;4.03;0
23;arms_factory;1970.00;10.40;1262.00;0.41;0
23;arms_factory;1964.00;9.95;1268.00;3.08;0
23;arms_factory;1952.00;10.00;1262.00;0.92;0
23;arms_factory;1964.00;10.25;1266.00;1.02;0
23;industrial_complex;1962.00;10.35;1264.00;5.15;0
23;industrial_complex;1969.00;10.55;1264.00;2.98;0
23;industrial_complex;1969.00;10.25;1261.00;4.54;0
23;industrial_complex;1955.00;10.20;1261.00;0.92;0
23;industrial_complex;1968.00;10.48;1268.00;3.59;0
23;industrial_complex;1951.00;9.78;1263.00;1.43;0
23;air_base;1951.00;10.00;1260.00;1.53;0
23;naval_base;1953.00;9.50;1267.00;-3.73;5803
23;naval_base;1960.00;9.75;1268.00;-2.82;5803
23;naval_base;1968.00;9.50;1272.00;-2.36;5803
23;bunker;1959.00;10.25;1261.00;6.26;0
23;bunker;1952.00;10.10;1260.00;4.10;0
23;bunker;1970.00;10.20;1258.00;0.48;0
23;bunker;1956.00;10.25;1258.00;3.15;0
23;bunker;1974.00;10.85;1264.00;6.16;0
23;bunker;1969.00;10.70;1266.00;1.09;0
23;coastal_bunker;1957.00;9.95;1267.00;-2.82;0
23;coastal_bunker;1966.00;9.60;1270.00;-2.36;0
23;coastal_bunker;1953.00;9.50;1267.00;-3.73;0
23;dockyard;1966.00;9.60;1270.00;-2.36;0
23;anti_air_building;1952.00;10.00;1262.00;3.66;0
23;anti_air_building;1972.00;11.05;1267.00;5.22;0
23;anti_air_building;1965.00;10.40;1264.00;1.60;0
23;synthetic_refinery;1969.00;10.55;1264.00;5.72;0
23;radar_station;1963.00;10.40;1264.00;3.14;0
23;rocket_site;1955.00;10.20;1261.00;3.66;0
23;nuclear_reactor;1968.00;10.48;1268.00;0.04;0
24;arms_factory;1941.00;9.50;1262.00;0.41;0
24;arms_factory;1939.00;10.10;1252.00;3.08;0
24;arms_factory;1947.00;10.20;1254.00;0.92;0
24;arms_factory;1945.00;10.20;1256.00;1.02;0
24;arms_factory;1940.00;10.07;1256.00;5.15;0
24;arms_factory;1946.00;10.00;1260.00;2.98;0
24;industrial_complex;1934.00;9.70;1250.00;4.54;0
24;industrial_complex;1939.00;10.10;1254.00;0.92;0
24;industrial_complex;1949.00;10.20;1255.00;3.59;0
24;industrial_complex;1947.00;9.90;1245.00;1.43;0
24;industrial_complex;1944.00;10.15;1259.00;1.53;0
24;industrial_complex;1933.00;9.60;1248.00;5.65;0
24;air_base;1943.00;9.70;1243.00;2.04;0
24;naval_base;1936.00;9.50;1240.00;-0.59;5260
24;naval_base;1935.00;9.80;1258.00;-3.14;5777
24;naval_base;1940.00;9.50;1263.00;-2.68;5777
24;naval_base;1949.00;9.50;1240.00;0.79;5777
24;naval_base;1924.00;9.50;1252.00;-0.79;5260
24;naval_base;1932.00;9.50;1245.00;-0.79;5260
24;naval_base;1936.00;9.50;1245.00;-0.38;5260
24;bunker;1947.00;9.90;1246.00;5.22;0
24;bunker;1942.00;10.10;1251.00;0.49;0
24;bunker;1945.00;10.20;1256.00;4.61;0
24;bunker;1952.00;10.10;1250.00;5.82;0
24;bunker;1926.00;9.50;1253.00;3.66;0
24;bunker;1941.00;9.80;1245.00;5.22;0
24;bunker;1945.00;10.00;1260.00;1.60;0
24;bunker;1934.00;9.78;1247.00;5.72;0
24;bunker;1934.00;9.85;1255.00;2.10;0
24;coastal_bunker;1949.00;9.63;1242.00;0.79;0
24;coastal_bunker;1929.00;9.50;1252.00;-0.79;0
24;coastal_bunker;1935.00;9.70;1246.00;-0.79;0
24;coastal_bunker;1941.00;9.50;1240.00;-0.59;0
24;coastal_bunker;1938.00;9.65;1259.00;-3.14;0
24;coastal_bunker;1939.00;9.50;1260.00;-2.68;0
24;coastal_bunker;1936.00;9.50;1244.00;-0.38;0
24;dockyard;1930.00;9.50;1245.00;-0.79;0
24;anti_air_building;1949.00;10.20;1251.00;0.55;0
24;anti_air_building;1930.00;9.50;1253.00;4.68;0
24;anti_air_building;1939.00;9.90;1257.00;5.89;0
24;synthetic_refinery;1941.00;9.50;1261.00;2.62;0
24;radar_station;1939.00;10.10;1252.00;5.57;0
24;rocket_site;1942.00;10.00;1254.00;1.67;0
24;nuclear_reactor;1938.00;10.00;1256.00;4.33;0
25;arms_factory;1995.00;13.20;1299.00;0.92;0
25;arms_factory;1984.00;11.25;1287.00;1.02;0
25;arms_factory;1997.00;13.40;1286.00;5.15;0
25;arms_factory;1996.00;13.35;1288.00;2.98;0
25;arms_factory;1993.00;13.00;1290.00;4.54;0
25;arms_factory;2004.00;14.45;1300.00;0.92;0
25;industrial_complex;2003.00;14.50;1302.00;3.59;0
25;industrial_complex;1988.00;12.35;1290.00;1.43;0
25;industrial_complex;1983.00;10.20;1291.00;1.53;0
25;industrial_complex;2000.00;13.53;1292.00;5.65;0
25;industrial_complex;2003.00;14.15;1286.00;2.04;0
25;industrial_complex;2000.00;13.98;1287.00;4.70;0
25;air_base;1993.00;13.10;1293.00;6.26;0
25;naval_base;1982.00;9.63;1292.00;-1.89;5803
25;bunker;1999.00;13.53;1295.00;0.48;0
25;bunker;2002.00;14.20;1286.00;3.15;0
25;bunker;1997.00;13.35;1291.00;6.16;0
25;bunker;1985.00;11.35;1290.00;1.09;0
25;bunker;2003.00;14.03;1297.00;5.22;0
25;bunker;2005.00;14.48;1299.00;0.49;0
25;bunker;1992.00;12.75;1282.00;4.61;0
25;coastal_bunker;1981.00;9.55;1288.00;-1.89;0
25;dockyard;1981.00;9.55;1288.00;-1.89;0
25;anti_air_building;1995.00;13.20;1288.00;5.22;0
25;anti_air_building;1993.00;13.00;1290.00;1.60;0
25;anti_air_building;1999.00;13.90;1302.00;5.72;0
25;synthetic_refinery;2002.00;14.43;1302.00;2.10;0
25;radar_station;1997.00;13.20;1293.00;4.62;0
25;rocket_site;2003.00;13.90;1291.00;0.04;0
25;nuclear_reactor;1995.00;13.20;1291.00;4.17;0
26;arms_factory;1421.00;9.50;616.00;5.15;0
26;arms_factory;1388.00;9.50;589.00;2.98;0
26;arms_factory;1379.00;9.50;622.00;4.54;0
26;arms_factory;1393.00;9.50;626.00;0.92;0
26;arms_factory;1388.00;9.50;599.00;3.59;0
26;arms_factory;1386.00;9.50;626.00;1.43;0
26;industrial_complex;1428.00;9.50;635.00;1.53;0
26;industrial_complex;1386.00;9.50;608.00;5.65;0
26;industrial_complex;1421.00;9.50;635.00;2.04;0
26;industrial_complex;2046.00;13.35;1275.00;4.70;0
26;industrial_complex;1383.00;9.50;612.00;6.26;0
26;industrial_complex;2046.00;13.05;1264.00;4.10;0
26;air_base;1369.00;9.50;595.00;0.48;0
26;naval_base;1400.00;9.50;642.00;-3.20;842
26;bunker;1408.00;9.50;603.00;0.49;0
26;bunker;2050.00;12.53;1265.00;4.61;0
26;bunker;2045.00;13.90;1269.00;5.82;0
26;bunker;2045.00;12.30;1260.00;3.66;0
26;bunker;2043.00;14.20;1275.00;5.22;0
26;coastal_bunker;1435.00;9.50;644.00;0.79;0
26;dockyard;1413.00;9.50;593.00;0.79;0
26;anti_air_building;1402.00;9.50;630.00;4.17;0
26;anti_air_building;1380.00;9.50;603.00;5.38;0
26;anti_air_building;1420.00;9.50;635.00;2.11;0
26;synthetic_refinery;1400.00;9.50;640.00;4.78;0
26;radar_station;1437.00;9.50;650.00;2.68;0
26;rocket_site;1388.00;9.50;640.00;2.71;0
26;nuclear_reactor;1407.00;9.50;587.00;0.55;0
27;arms_factory;2031.00;14.40;1273.00;4.54;0
27;arms_factory;2031.00;14.60;1276.00;0.92;0
27;arms_factory;2032.00;14.35;1279.00;3.59;0
27;arms_factory;2034.00;14.30;1275.00;1.43;0
27;arms_factory;2035.00;14.28;1277.00;1.53;0
27;arms_factory;2029.00;14.38;1281.00;5.65;0
27;industrial_complex;2036.00;14.45;1276.00;2.04;0
27;industrial_complex;2034.00;13.98;1287.00;4.70;0
27;industrial_complex;2039.00;13.43;1282.00;6.26;0
27;industrial_complex;2036.00;14.28;1278.00;4.10;0
27;industrial_complex;2026.00;14.50;1291.00;0.48;0
27;industrial_complex;2030.00;14.05;1284.00;3.15;0
27;air_base;2031.00;14.40;1289.00;6.16;0
27;naval_base;2041.00;12.98;1286.00;-4.12;5976
27;naval_base;2035.00;13.85;1287.00;1.19;5976
27;bunker;2030.00;14.65;1291.00;0.49;0
27;bunker;2035.00;13.60;1282.00;4.61;0
27;bunker;2038.00;14.98;1274.00;5.82;0
27;coastal_bunker;2041.00;12.98;1286.00;-4.12;0
27;coastal_bunker;2034.00;14.20;1290.00;1.19;0
27;dockyard;2034.00;14.28;1291.00;1.19;0
27;anti_air_building;2031.00;13.75;1295.00;5.72;0
27;anti_air_building;2032.00;14.20;1280.00;2.10;0
27;anti_air_building;2031.00;14.60;1276.00;3.66;0
27;synthetic_refinery;2032.00;14.35;1279.00;0.04;0
27;radar_station;2033.00;13.78;1285.00;3.86;0
27;rocket_site;2035.00;14.28;1277.00;5.38;0
27;nuclear_reactor;2036.00;13.90;1280.00;2.11;0
28;air_base;2000.00;11.78;1182.00;5.22;0
28;naval_base;2008.00;9.50;1174.00;-0.46;3595
28;bunker;1998.00;12.35;1177.00;3.66;0
28;bunker;2000.00;11.90;1181.00;5.22;0
28;bunker;2005.00;10.80;1178.00;1.60;0
28;bunker;2006.00;10.20;1175.00;2.10;0
28;bunker;1996.00;12.80;1176.00;3.66;0
28;coastal_bunker;2010.00;9.50;1175.00;-4.39;0
28;anti_air_building;1998.00;12.07;1182.00;2.11;0
28;anti_air_building;2002.00;11.43;1182.00;4.78;0
28;anti_air_building;2006.00;10.32;1176.00;1.16;0
28;synthetic_refinery;1997.00;12.35;1172.00;2.71;0
28;radar_station;2003.00;11.13;1174.00;1.92;0
28;nuclear_reactor;2003.00;11.03;1173.00;5.89;0
29;arms_factory;2002.00;10.48;1167.00;1.53;0
29;arms_factory;1996.00;10.23;1159.00;5.65;0
29;arms_factory;1991.00;9.85;1159.00;2.04;0
29;arms_factory;1999.00;10.40;1162.00;4.70;0
29;arms_factory;1999.00;10.60;1163.00;6.26;0
29;arms_factory;2002.00;9.70;1163.00;4.10;0
29;industrial_complex;1996.00;9.90;1157.00;0.48;0
29;industrial_complex;1989.00;9.50;1158.00;3.15;0
29;industrial_complex;1998.00;10.00;1159.00;6.16;0
29;industrial_complex;1997.00;10.78;1162.00;1.09;0
29;industrial_complex;1996.00;11.30;1164.00;5.22;0
29;industrial_complex;1995.00;9.50;1154.00;0.49;0
29;air_base;1990.00;9.50;1157.00;4.61;0
29;naval_base;1999.00;9.50;1153.00;0.00;3595
29;naval_base;1984.00;9.50;1159.00;-0.79;3595
29;naval_base;1999.00;9.50;1156.00;1.57;3595
29;bunker;1995.00;9.50;1153.00;5.72;0
29;bunker;1994.00;10.70;1161.00;2.10;0
29;bunker;1997.00;9.93;1158.00;3.66;0
29;bunker;1991.00;9.50;1157.00;0.04;0
29;bunker;1993.00;10.95;1162.00;4.17;0
29;coastal_bunker;1998.00;9.50;1152.00;0.00;0
29;coastal_bunker;2001.00;9.50;1158.00;1.57;0
29;coastal_bunker;1988.00;9.50;1156.00;-0.79;0
29;dockyard;1988.00;9.50;1156.00;-0.79;0
29;anti_air_building;1997.00;9.50;1154.00;5.89;0
29;anti_air_building;1991.00;9.50;1157.00;2.62;0
29;anti_air_building;1998.00;9.50;1154.00;5.28;0
29;synthetic_refinery;1994.00;10.70;1161.00;1.67;0
29;radar_station;1995.00;11.00;1162.00;5.16;0
29;rocket_site;1995.00;9.50;1153.00;1.07;0
29;nuclear_reactor;2001.00;11.23;1169.00;2.27;0
30;arms_factory;5236.00;10.00;571.00;2.04;0
30;arms_factory;5211.00;10.00;550.00;4.70;0
30;arms_factory;5221.00;10.00;539.00;6.26;0
30;arms_factory;5234.00;10.00;555.00;4.10;0
30;arms_factory;5233.00;10.00;576.00;0.48;0
30;arms_factory;5233.00;10.00;569.00;3.15;0
30;industrial_complex;1978.00;10.48;1168.00;6.16;0
30;industrial_complex;5238.00;10.00;532.00;1.09;0
30;industrial_complex;5211.00;10.00;553.00;5.22;0
30;industrial_complex;5230.00;10.00;565.00;0.49;0
30;industrial_complex;5228.00;10.00;567.00;4.61;0
30;industrial_complex;1978.00;9.50;1162.00;5.82;0
30;air_base;5230.00;10.00;572.00;3.66;0
30;naval_base;5247.00;10.00;567.00;1.48;8872
30;naval_base;1975.00;9.50;1161.00;0.00;3595
30;naval_base;1983.00;9.50;1160.00;-0.59;3595
30;naval_base;1973.00;9.50;1164.00;-0.32;3595
30;bunker;5226.00;10.00;566.00;2.11;0
30;bunker;1974.00;9.93;1167.00;4.78;0
30;bunker;1986.00;12.13;1169.00;1.16;0
30;bunker;1978.00;9.50;1162.00;2.71;0
30;bunker;1976.00;10.07;1167.00;0.55;0
30;bunker;1984.00;10.60;1164.00;4.68;0
30;bunker;1990.00;12.25;1168.00;5.89;0
30;bunker;1978.00;10.32;1167.00;2.62;0
30;bunker;1991.00;12.90;1172.00;5.28;0
30;coastal_bunker;5246.00;10.00;539.00;1.48;0
30;coastal_bunker;1974.00;9.50;1163.00;0.00;0
30;coastal_bunker;1983.00;9.50;1159.00;-0.59;0
30;coastal_bunker;1973.00;9.50;1164.00;-0.32;0
30;dockyard;5191.00;10.00;552.00;1.15;0
30;anti_air_building;5210.00;10.00;558.00;0.12;0
30;anti_air_building;5219.00;10.00;570.00;2.78;0
30;anti_air_building;5239.00;10.00;548.00;0.62;0
30;synthetic_refinery;5235.00;10.00;534.00;1.83;0
30;radar_station;5191.00;10.00;552.00;6.11;0
30;rocket_site;5201.00;10.00;556.00;1.23;0
30;nuclear_reactor;5217.00;10.00;568.00;5.35;0
31;arms_factory;1906.00;9.50;1147.00;6.26;0
31;arms_factory;1919.00;9.53;1149.00;4.10;0
31;arms_factory;1923.00;9.55;1151.00;0.48;0
31;arms_factory;1926.00;9.50;1144.00;3.15;0
31;arms_factory;1926.00;9.78;1146.00;6.16;0
31;arms_factory;1907.00;9.50;1144.00;1.09;0
31;industrial_complex;1927.00;9.73;1154.00;5.22;0
31;industrial_complex;1925.00;10.05;1149.00;0.49;0
31;industrial_complex;1921.00;9.50;1148.00;4.61;0
31;industrial_complex;1910.00;9.63;1147.00;5.82;0
31;industrial_complex;1914.00;9.50;1150.00;3.66;0
31;industrial_complex;1924.00;9.75;1151.00;5.22;0
31;air_base;1927.00;9.70;1145.00;1.60;0
31;naval_base;1919.00;9.50;1147.00;-0.79;2838
31;naval_base;1909.00;9.50;1149.00;-1.57;2863
31;naval_base;1918.00;9.50;1151.00;-3.61;2863
31;naval_base;1927.00;9.50;1143.00;-0.32;2838
31;naval_base;1922.00;9.50;1151.00;-2.03;2838
31;bunker;1911.00;9.70;1147.00;5.38;0
31;bunker;1926.00;9.63;1154.00;2.11;0
31;bunker;1918.00;9.50;1147.00;4.78;0
31;bunker;1928.00;9.63;1144.00;1.16;0
31;bunker;1917.00;9.50;1149.00;2.71;0
31;coastal_bunker;1923.00;9.50;1146.00;-0.79;0
31;coastal_bunker;1923.00;9.50;1152.00;-2.03;0
31;coastal_bunker;1915.00;9.50;1147.00;-3.61;0
31;coastal_bunker;1908.00;9.50;1143.00;-1.57;0
31;coastal_bunker;1926.00;9.50;1143.00;-0.32;0
31;dockyard;1910.00;9.50;1144.00;-1.57;0
31;anti_air_building;1927.00;9.98;1153.00;4.33;0
31;anti_air_building;1929.00;9.85;1145.00;1.07;0
31;anti_air_building;1918.00;9.50;1148.00;2.27;0
31;synthetic_refinery;1909.00;9.53;1146.00;0.11;0
31;radar_station;1918.00;9.50;1150.00;3.63;0
31;rocket_site;1927.00;10.10;1151.00;4.34;0
31;nuclear_reactor;1922.00;9.63;1150.00;2.17;0
32;arms_factory;1947.00;9.63;1159.00;0.48;0
32;arms_factory;1935.00;9.50;1150.00;3.15;0
32;arms_factory;1937.00;9.50;1152.00;6.16;0
32;arms_factory;1938.00;10.20;1159.00;1.09;0
32;arms_factory;1935.00;10.00;1154.00;5.22;0
32;arms_factory;1936.00;10.15;1158.00;0.49;0
32;industrial_complex;1949.00;9.50;1160.00;4.61;0
32;industrial_complex;1941.00;10.00;1157.00;5.82;0
32;industrial_complex;1938.00;9.70;1154.00;3.66;0
32;industrial_complex;1933.00;9.63;1148.00;5.22;0
32;industrial_complex;1939.00;10.20;1162.00;1.60;0
32;industrial_complex;1938.00;10.20;1159.00;5.72;0
32;air_base;1933.00;10.07;1153.00;2.10;0
32;naval_base;1931.00;9.50;1141.00;0.00;2838
32;naval_base;1939.00;9.50;1149.00;0.46;2838
32;naval_base;1947.00;9.50;1156.00;0.79;2838
32;bunker;1937.00;9.50;1152.00;5.38;0
32;bunker;1949.00;9.95;1163.00;2.11;0
32;bunker;1939.00;10.20;1158.00;4.78;0
32;bunker;1935.00;10.13;1157.00;1.16;0
32;bunker;1935.00;9.50;1150.00;2.71;0
32;coastal_bunker;1949.00;9.50;1157.00;0.79;0
32;coastal_bunker;1932.00;9.50;1142.00;0.00;0
32;coastal_bunker;1943.00;9.50;1153.00;0.46;0
32;dockyard;1935.00;9.50;1148.00;0.00;0
32;anti_air_building;1938.00;10.20;1159.00;5.28;0
32;anti_air_building;1935.00;10.00;1154.00;1.67;0
32;anti_air_building;1936.00;10.15;1158.00;4.33;0
32;synthetic_refinery;1949.00;9.50;1160.00;1.07;0
32;radar_station;1941.00;9.50;1153.00;4.40;0
32;rocket_site;1938.00;9.70;1154.00;0.11;0
32;nuclear_reactor;1933.00;9.63;1148.00;2.78;0
33;arms_factory;1941.00;10.15;1167.00;6.16;0
33;arms_factory;1942.00;10.15;1169.00;1.09;0
33;arms_factory;1948.00;10.30;1170.00;5.22;0
33;arms_factory;1948.00;10.30;1168.00;0.49;0
33;arms_factory;1941.00;10.07;1168.00;4.61;0
33;arms_factory;1947.00;10.30;1169.00;5.82;0
33;industrial_complex;1944.00;10.25;1170.00;3.66;0
33;industrial_complex;1940.00;9.98;1167.00;5.22;0
33;industrial_complex;1951.00;10.20;1167.00;1.60;0
33;industrial_complex;1938.00;9.50;1170.00;5.72;0
33;industrial_complex;1947.00;10.35;1168.00;2.10;0
33;industrial_complex;1946.00;10.40;1165.00;3.66;0
33;air_base;1938.00;9.50;1169.00;0.04;0
33;naval_base;1934.00;9.50;1164.00;-1.57;2838
33;naval_base;1941.00;9.55;1172.00;-3.14;5751
33;bunker;1949.00;10.30;1170.00;1.16;0
33;bunker;1945.00;10.50;1166.00;2.71;0
33;bunker;1937.00;9.50;1169.00;0.55;0
33;bunker;1933.00;9.50;1160.00;4.68;0
33;coastal_bunker;1937.00;9.50;1170.00;-1.33;0
33;coastal_bunker;1932.00;9.50;1160.00;-1.57;0
33;dockyard;1931.00;9.50;1159.00;-1.57;0
33;anti_air_building;1941.00;10.18;1166.00;1.07;0
33;anti_air_building;1939.00;9.50;1169.00;2.27;0
33;anti_air_building;1950.00;10.25;1167.00;0.11;0
33;synthetic_refinery;1943.00;10.50;1164.00;2.78;0
33;radar_station;1941.00;10.15;1167.00;0.28;0
33;rocket_site;1944.00;10.50;1167.00;2.17;0
33;nuclear_reactor;1945.00;10.15;1171.00;4.84;0
34;arms_factory;1978.00;11.32;1204.00;5.22;0
34;arms_factory;1994.00;12.55;1211.00;0.49;0
34;arms_factory;1993.00;11.55;1198.00;4.61;0
34;arms_factory;1987.00;12.00;1203.00;5.82;0
34;arms_factory;1992.00;11.98;1212.00;3.66;0
34;arms_factory;1986.00;11.55;1198.00;5.22;0
34;industrial_complex;1990.00;12.57;1206.00;1.60;0
34;industrial_complex;1982.00;11.80;1205.00;5.72;0
34;industrial_complex;1981.00;11.93;1207.00;2.10;0
34;industrial_complex;1988.00;12.60;1207.00;3.66;0
34;industrial_complex;1980.00;11.75;1208.00;0.04;0
34;industrial_complex;1985.00;12.30;1207.00;4.17;0
34;air_base;1993.00;12.00;1201.00;5.38;0
34;bunker;1985.00;12.20;1206.00;2.11;0
34;bunker;1989.00;11.78;1212.00;4.78;0
34;bunker;1985.00;12.28;1210.00;1.16;0
34;bunker;1988.00;12.00;1203.00;2.71;0
34;bunker;1977.00;11.10;1206.00;0.55;0
34;bunker;1988.00;11.85;1201.00;4.68;0
34;bunker;1992.00;12.53;1205.00;5.89;0
34;anti_air_building;1985.00;11.70;1201.00;2.62;0
34;anti_air_building;1979.00;11.30;1203.00;5.28;0
34;anti_air_building;1993.00;12.57;1211.00;1.67;0
34;synthetic_refinery;1987.00;12.60;1208.00;4.33;0
34;radar_station;1987.00;12.15;1204.00;1.46;0
34;rocket_site;1981.00;11.63;1204.00;2.27;0
34;nuclear_reactor;1978.00;11.25;1202.00;0.11;0
35;arms_factory;1970.00;11.00;1188.00;4.61;0
35;arms_factory;1966.00;9.95;1198.00;5.82;0
35;arms_factory;1966.00;9.95;1198.00;3.66;0
35;arms_factory;1976.00;10.93;1198.00;5.22;0
35;arms_factory;1975.00;11.20;1193.00;1.60;0
35;arms_factory;1975.00;11.20;1193.00;5.72;0
35;industrial_complex;1975.00;10.98;1196.00;2.10;0
35;industrial_complex;1975.00;10.98;1196.00;3.66;0
35;industrial_complex;1970.00;11.00;1192.00;0.04;0
35;industrial_complex;1981.00;11.55;1198.00;4.17;0
35;industrial_complex;1965.00;10.18;1197.00;5.38;0
35;industrial_complex;1965.00;10.85;1192.00;2.11;0
35;air_base;1974.00;10.63;1197.00;4.78;0
35;naval_base;1961.00;9.73;1196.00;-1.25;5751
35;bunker;1967.00;10.70;1195.00;2.71;0
35;bunker;1975.00;10.85;1197.00;0.55;0
35;bunker;1965.00;9.95;1198.00;4.68;0
35;bunker;1970.00;10.20;1197.00;5.89;0
35;bunker;1974.00;11.15;1193.00;2.62;0
35;coastal_bunker;1961.00;9.73;1196.00;-1.25;0
35;dockyard;1963.00;10.20;1196.00;-1.25;0
35;anti_air_building;1973.00;10.85;1195.00;4.33;0
35;anti_air_building;1967.00;10.85;1194.00;1.07;0
35;anti_air_building;1978.00;11.23;1197.00;2.27;0
35;synthetic_refinery;1978.00;11.23;1197.00;0.11;0
35;radar_station;1972.00;11.00;1194.00;3.63;0
35;rocket_site;1969.00;10.55;1196.00;4.34;0
35;nuclear_reactor;1970.00;10.45;1196.00;2.17;0
36;arms_factory;1969.00;10.50;1173.00;3.66;0
36;arms_factory;1965.00;10.32;1168.00;5.22;0
36;arms_factory;1966.00;10.50;1172.00;1.60;0
36;arms_factory;1961.00;10.50;1169.00;5.72;0
36;arms_factory;1958.00;10.85;1175.00;2.10;0
36;arms_factory;1958.00;10.25;1166.00;3.66;0
36;industrial_complex;1959.00;10.35;1167.00;0.04;0
36;industrial_complex;1970.00;10.30;1170.00;4.17;0
36;industrial_complex;1970.00;10.50;1172.00;5.38;0
36;industrial_complex;1958.00;10.80;1173.00;2.11;0
36;industrial_complex;1957.00;9.70;1163.00;4.78;0
36;industrial_complex;1956.00;10.20;1166.00;1.16;0
36;air_base;1967.00;10.30;1175.00;2.71;0
36;naval_base;1962.00;9.50;1162.00;-0.24;2838
36;naval_base;1955.00;9.50;1161.00;0.32;2838
36;bunker;1964.00;10.40;1168.00;1.67;0
36;bunker;1970.00;10.50;1173.00;4.33;0
36;bunker;1961.00;10.60;1173.00;1.07;0
36;bunker;1956.00;10.55;1169.00;2.27;0
36;bunker;1969.00;10.25;1169.00;0.11;0
36;bunker;1957.00;9.50;1162.00;2.78;0
36;coastal_bunker;1954.00;9.50;1161.00;0.32;0
36;coastal_bunker;1961.00;9.50;1162.00;-0.24;0
36;dockyard;1958.00;9.50;1161.00;-0.24;0
36;anti_air_building;1968.00;10.50;1172.00;1.83;0
36;anti_air_building;1965.00;10.48;1174.00;4.85;0
36;anti_air_building;1961.00;10.80;1175.00;1.23;0
36;synthetic_refinery;1956.00;10.55;1169.00;5.35;0
36;radar_station;1964.00;10.40;1170.00;2.00;0
36;rocket_site;1960.00;10.15;1165.00;3.29;0
36;nuclear_reactor;1962.00;10.20;1166.00;1.13;0
37;arms_factory;1964.00;10.50;1181.00;1.60;0
37;arms_factory;1976.00;11.25;1186.00;5.72;0
37;arms_factory;1985.00;12.60;1175.00;2.10;0
37;arms_factory;1961.00;10.40;1180.00;3.66;0
37;arms_factory;1982.00;12.05;1176.00;0.04;0
37;arms_factory;1988.00;12.80;1179.00;4.17;0
37;industrial_complex;1980.00;11.70;1184.00;5.38;0
37;industrial_complex;1973.00;10.80;1182.00;2.11;0
37;industrial_complex;1970.00;10.50;1179.00;4.78;0
37;industrial_complex;1981.00;11.75;1179.00;1.16;0
37;industrial_complex;1970.00;10.60;1181.00;2.71;0
37;industrial_complex;1985.00;12.32;1182.00;0.55;0
37;air_base;1965.00;10.53;1183.00;4.68;0
37;bunker;1972.00;10.85;1183.00;2.78;0
37;bunker;1965.00;10.63;1186.00;4.34;0
37;bunker;1965.00;10.48;1180.00;2.17;0
37;bunker;1977.00;11.07;1180.00;4.84;0
37;bunker;1980.00;11.55;1187.00;0.12;0
37;bunker;1983.00;12.15;1182.00;2.78;0
37;bunker;1990.00;13.10;1175.00;0.62;0
37;bunker;1974.00;10.63;1177.00;1.83;0
37;bunker;1989.00;13.05;1176.00;4.85;0
37;anti_air_building;1979.00;11.55;1184.00;0.79;0
37;anti_air_building;1982.00;12.05;1175.00;4.91;0
37;anti_air_building;1980.00;11.70;1185.00;5.01;0
37;synthetic_refinery;1978.00;11.25;1182.00;2.85;0
37;radar_station;1978.00;11.23;1180.00;0.01;0
37;rocket_site;1977.00;11.07;1180.00;0.79;0
37;nuclear_reactor;1980.00;11.55;1178.00;4.91;0
38;arms_factory;1989.00;12.53;1182.00;2.10;0
38;arms_factory;1987.00;11.40;1192.00;3.66;0
38;arms_factory;1981.00;11.45;1191.00;0.04;0
38;arms_factory;1987.00;11.55;1189.00;4.17;0
38;arms_factory;1989.00;12.30;1184.00;5.38;0
38;arms_factory;1977.00;11.40;1190.00;2.11;0
38;industrial_complex;1989.00;11.63;1188.00;4.78;0
38;industrial_complex;1990.00;12.45;1183.00;1.16;0
38;industrial_complex;1986.00;11.28;1193.00;2.71;0
38;industrial_complex;1988.00;11.85;1187.00;0.55;0
38;industrial_complex;1989.00;12.53;1182.00;4.68;0
38;industrial_complex;1987.00;11.40;1192.00;5.89;0
38;air_base;1980.00;11.45;1191.00;2.62;0
38;bunker;1987.00;11.55;1189.00;5.28;0
38;bunker;1993.00;11.25;1189.00;1.67;0
38;bunker;1984.00;11.30;1194.00;4.33;0
38;bunker;1992.00;11.00;1193.00;1.07;0
38;bunker;1991.00;12.98;1180.00;2.27;0
38;bunker;1984.00;11.40;1192.00;0.11;0
38;anti_air_building;1988.00;11.85;1187.00;2.78;0
38;anti_air_building;1993.00;12.75;1181.00;4.34;0
38;anti_air_building;1987.00;11.40;1192.00;2.17;0
38;synthetic_refinery;1988.00;12.00;1186.00;4.84;0
38;radar_station;1988.00;11.55;1189.00;1.00;0
38;rocket_site;1988.00;12.25;1184.00;2.78;0
38;nuclear_reactor;1985.00;11.40;1192.00;0.62;0
39;arms_factory;2004.00;13.05;1210.00;0.04;0
39;arms_factory;2012.00;11.70;1209.00;4.17;0
39;arms_factory;2006.00;12.80;1206.00;5.38;0
39;arms_factory;2010.00;12.53;1207.00;2.11;0
39;arms_factory;2010.00;12.53;1207.00;4.78;0
39;arms_factory;2004.00;12.48;1204.00;1.16;0
39;industrial_complex;2013.00;12.20;1206.00;2.71;0
39;industrial_complex;2011.00;12.05;1204.00;0.55;0
39;industrial_complex;2000.00;13.15;1210.00;4.68;0
39;industrial_complex;2014.00;11.40;1209.00;5.89;0
39;industrial_complex;1999.00;13.30;1209.00;2.62;0
39;industrial_complex;1999.00;13.30;1209.00;5.28;0
39;air_base;1999.00;13.20;1207.00;1.67;0
39;naval_base;2016.00;10.63;1210.00;-3.14;5699
39;naval_base;2011.00;11.28;1210.00;-4.51;5699
39;bunker;2011.00;12.25;1208.00;0.11;0
39;bunker;2005.00;12.88;1206.00;2.78;0
39;bunker;1996.00;13.20;1207.00;4.34;0
39;bunker;2012.00;12.30;1206.00;2.17;0
39;bunker;2001.00;13.30;1208.00;4.84;0
39;bunker;2013.00;11.50;1209.00;0.12;0
39;coastal_bunker;2012.00;11.13;1210.00;-4.51;0
39;coastal_bunker;2018.00;10.80;1209.00;-3.14;0
39;dockyard;2013.00;10.98;1210.00;-3.14;0
39;anti_air_building;1997.00;13.13;1207.00;1.23;0
39;anti_air_building;2009.00;12.23;1209.00;5.35;0
39;anti_air_building;2003.00;13.05;1206.00;0.28;0
39;synthetic_refinery;2002.00;13.05;1206.00;3.29;0
39;radar_station;2006.00;12.95;1208.00;1.24;0
39;rocket_site;2004.00;12.75;1205.00;2.34;0
39;nuclear_reactor;2001.00;12.13;1212.00;0.18;0
40;arms_factory;2034.00;9.80;1187.00;5.38;0
40;arms_factory;2048.00;9.50;1179.00;2.11;0
40;arms_factory;2027.00;9.50;1182.00;4.78;0
40;arms_factory;2046.00;9.50;1179.00;1.16;0
40;arms_factory;2047.00;9.50;1180.00;2.71;0
40;arms_factory;2046.00;9.50;1181.00;0.55;0
40;industrial_complex;2036.00;9.75;1187.00;4.68;0
40;industrial_complex;2034.00;10.03;1188.00;5.89;0
40;industrial_complex;2033.00;9.85;1187.00;2.62;0
40;industrial_complex;2035.00;10.25;1189.00;5.28;0
40;industrial_complex;2028.00;10.32;1189.00;1.67;0
40;industrial_complex;2047.00;9.55;1183.00;4.33;0
40;air_base;2047.00;9.50;1175.00;1.07;0
40;naval_base;2039.00;9.50;1182.00;-0.79;5699
40;naval_base;2021.00;9.50;1180.00;0.00;5699
40;naval_base;2051.00;9.50;1174.00;-1.11;5699
40;naval_base;2035.00;9.50;1182.00;-0.46;5699
40;bunker;2050.00;9.50;1179.00;0.62;0
40;bunker;2048.00;9.50;1177.00;1.83;0
40;bunker;2044.00;10.15;1186.00;4.85;0
40;bunker;2042.00;10.15;1190.00;1.23;0
40;bunker;2033.00;10.20;1190.00;5.35;0
40;bunker;2039.00;9.50;1185.00;0.28;0
40;bunker;2025.00;9.60;1183.00;3.29;0
40;bunker;2033.00;10.00;1188.00;1.13;0
40;bunker;2040.00;9.55;1184.00;2.34;0
40;coastal_bunker;2040.00;9.50;1181.00;-0.79;0
40;coastal_bunker;2055.00;9.50;1177.00;1.57;0
40;coastal_bunker;2025.00;9.50;1181.00;0.00;0
40;coastal_bunker;2031.00;9.50;1182.00;-0.46;0
40;dockyard;2045.00;9.50;1177.00;-1.11;0
40;anti_air_building;2039.00;9.70;1186.00;4.91;0
40;anti_air_building;2048.00;9.50;1179.00;1.29;0
40;anti_air_building;2048.00;9.50;1180.00;5.42;0
40;synthetic_refinery;2045.00;9.50;1179.00;5.52;0
40;radar_station;2038.00;9.50;1183.00;4.36;0
40;rocket_site;2042.00;10.15;1190.00;6.03;0
40;nuclear_reactor;2045.00;10.10;1190.00;2.41;0
41;arms_factory;2018.00;10.20;1191.00;4.78;0
41;arms_factory;2012.00;10.10;1190.00;1.16;0
41;arms_factory;2016.00;10.25;1187.00;2.71;0
41;arms_factory;2016.00;9.50;1180.00;0.55;0
41;arms_factory;2002.00;11.70;1200.00;4.68;0
41;arms_factory;2012.00;10.15;1182.00;5.89;0
41;industrial_complex;2003.00;10.78;1188.00;2.62;0
41;industrial_complex;2015.00;10.23;1186.00;5.28;0
41;industrial_complex;2002.00;11.00;1196.00;1.67;0
41;industrial_complex;2011.00;10.75;1197.00;4.33;0
41;industrial_complex;2010.00;10.20;1180.00;1.07;0
41;industrial_complex;2010.00;10.07;1186.00;2.27;0
41;air_base;2002.00;10.57;1192.00;0.11;0
41;naval_base;2014.00;9.50;1177.00;0.79;5699
41;bunker;2001.00;10.93;1189.00;0.12;0
41;bunker;2018.00;10.30;1193.00;2.78;0
41;bunker;2007.00;11.40;1199.00;0.62;0
41;bunker;2020.00;10.30;1188.00;1.83;0
41;bunker;1999.00;11.23;1187.00;4.85;0
41;bunker;2012.00;9.70;1178.00;1.23;0
41;bunker;2020.00;10.30;1187.00;5.35;0
41;bunker;2004.00;10.48;1189.00;0.28;0
41;bunker;2003.00;11.70;1200.00;3.29;0
41;bunker;2012.00;10.07;1181.00;1.13;0
41;bunker;2010.00;10.15;1188.00;2.34;0
41;bunker;2007.00;11.13;1198.00;0.18;0
41;coastal_bunker;2020.00;9.50;1179.00;0.79;0
41;dockyard;2018.00;9.50;1178.00;0.79;0
41;anti_air_building;2004.00;10.78;1186.00;2.85;0
41;anti_air_building;2017.00;10.15;1184.00;5.52;0
41;anti_air_building;2004.00;10.63;1194.00;0.79;0
41;synthetic_refinery;2015.00;10.20;1193.00;4.91;0
41;radar_station;2011.00;10.10;1191.00;2.19;0
41;rocket_site;2018.00;10.30;1188.00;5.42;0
41;nuclear_reactor;2013.00;10.00;1182.00;5.52;0
42;arms_factory;2059.00;11.25;1212.00;2.71;0
42;arms_factory;2059.00;11.25;1212.00;0.55;0
42;arms_factory;2059.00;11.25;1212.00;4.68;0
42;arms_factory;2059.00;11.25;1212.00;5.89;0
42;arms_factory;2059.00;11.25;1212.00;2.62;0
42;arms_factory;2059.00;11.25;1212.00;5.28;0
42;industrial_complex;2059.00;11.25;1212.00;1.67;0
42;industrial_complex;2059.00;11.25;1212.00;4.33;0
42;industrial_complex;2059.00;11.25;1212.00;1.07;0
42;industrial_complex;2059.00;11.25;1212.00;2.27;0
42;industrial_complex;2059.00;11.25;1212.00;0.11;0
42;industrial_complex;2059.00;11.25;1212.00;2.78;0
42;air_base;2059.00;11.25;1212.00;4.34;0
42;bunker;2059.00;11.25;1212.00;2.17;0
42;anti_air_building;2059.00;11.25;1212.00;4.84;0
42;anti_air_building;2059.00;11.25;1212.00;0.12;0
42;anti_air_building;2059.00;11.25;1212.00;2.78;0
42;synthetic_refinery;2059.00;11.25;1212.00;0.62;0
42;radar_station;2060.00;11.15;1212.00;3.17;0
42;rocket_site;2059.00;11.25;1212.00;4.85;0
42;nuclear_reactor;2059.00;11.25;1212.00;1.23;0
43;arms_factory;2110.00;9.65;1178.00;4.68;0
43;arms_factory;2107.00;9.50;1183.00;5.89;0
43;arms_factory;2105.00;9.50;1181.00;2.62;0
43;arms_factory;2104.00;9.50;1178.00;5.28;0
43;arms_factory;2112.00;9.85;1181.00;1.67;0
43;arms_factory;2114.00;9.55;1178.00;4.33;0
43;industrial_complex;2109.00;9.70;1180.00;1.07;0
43;industrial_complex;2105.00;9.50;1179.00;2.27;0
43;industrial_complex;2107.00;9.50;1177.00;0.11;0
43;industrial_complex;2111.00;9.75;1178.00;2.78;0
43;industrial_complex;2109.00;9.55;1182.00;4.34;0
43;industrial_complex;2108.00;9.50;1177.00;2.17;0
43;air_base;2101.00;9.50;1178.00;4.84;0
43;bunker;2109.00;9.65;1181.00;0.12;0
43;bunker;2113.00;9.85;1180.00;2.78;0
43;anti_air_building;2107.00;9.55;1180.00;0.62;0
43;anti_air_building;2113.00;9.80;1179.00;1.83;0
43;anti_air_building;2108.00;9.50;1176.00;4.85;0
43;synthetic_refinery;2109.00;9.65;1179.00;1.23;0
43;radar_station;2108.00;9.60;1180.00;5.35;0
43;rocket_site;2114.00;9.55;1182.00;0.28;0
43;nuclear_reactor;2108.00;9.50;1175.00;3.29;0
44;arms_factory;2031.00;9.70;1215.00;2.62;0
44;arms_factory;2046.00;11.15;1207.00;5.28;0
44;arms_factory;2044.00;11.10;1224.00;1.67;0
44;arms_factory;2042.00;11.05;1223.00;4.33;0
44;arms_factory;2047.00;11.55;1220.00;1.07;0
44;arms_factory;2047.00;11.55;1219.00;2.27;0
44;industrial_complex;2047.00;11.55;1219.00;0.11;0
44;industrial_complex;2037.00;9.50;1225.00;2.78;0
44;industrial_complex;2035.00;9.50;1224.00;4.34;0
44;industrial_complex;2036.00;9.50;1224.00;2.17;0
44;industrial_complex;2047.00;11.00;1226.00;4.84;0
44;industrial_complex;2047.00;11.00;1226.00;0.12;0
44;air_base;2051.00;11.50;1224.00;2.78;0
44;naval_base;2034.00;9.90;1221.00;-2.36;5904
44;bunker;2055.00;11.50;1215.00;4.85;0
44;bunker;2036.00;9.55;1223.00;1.23;0
44;bunker;2058.00;11.60;1224.00;5.35;0
44;bunker;2052.00;10.85;1230.00;0.28;0
44;bunker;2054.00;11.35;1227.00;3.29;0
44;bunker;2060.00;10.70;1208.00;1.13;0
44;bunker;2051.00;11.60;1218.00;2.34;0
44;bunker;2050.00;10.70;1206.00;0.18;0
44;bunker;2043.00;11.50;1215.00;1.74;0
44;bunker;2043.00;11.32;1222.00;4.40;0
44;bunker;2039.00;11.45;1214.00;0.79;0
44;coastal_bunker;2034.00;9.50;1225.00;-2.36;0
44;dockyard;2043.00;9.50;1229.00;-2.36;0
44;anti_air_building;2048.00;11.50;1214.00;5.52;0
44;anti_air_building;2048.00;11.30;1212.00;0.79;0
44;anti_air_building;2048.00;9.93;1231.00;4.91;0
44;synthetic_refinery;2054.00;11.10;1229.00;1.29;0
44;radar_station;2048.00;11.40;1223.00;3.66;0
44;rocket_site;2054.00;10.55;1234.00;5.52;0
44;nuclear_reactor;2054.00;10.70;1233.00;3.36;0
45;arms_factory;2121.00;10.20;1211.00;1.67;0
45;arms_factory;2116.00;10.10;1197.00;4.33;0
45;arms_factory;2114.00;10.15;1201.00;1.07;0
45;arms_factory;2124.00;10.20;1201.00;2.27;0
45;arms_factory;2111.00;9.85;1191.00;0.11;0
45;arms_factory;2112.00;9.70;1190.00;2.78;0
45;industrial_complex;2124.00;10.15;1195.00;4.34;0
45;industrial_complex;2133.00;9.93;1189.00;2.17;0
45;industrial_complex;2131.00;9.93;1188.00;4.84;0
45;industrial_complex;2129.00;10.15;1195.00;0.12;0
45;industrial_complex;2127.00;10.25;1204.00;2.78;0
45;industrial_complex;2134.00;10.55;1208.00;0.62;0
45;air_base;2116.00;10.20;1206.00;1.83;0
45;naval_base;2127.00;9.50;1186.00;-0.46;5880
45;naval_base;2097.00;9.55;1186.00;-0.98;5952
45;bunker;2128.00;10.20;1196.00;1.13;0
45;bunker;2112.00;10.00;1204.00;2.34;0
45;bunker;2109.00;10.15;1194.00;0.18;0
45;bunker;2133.00;10.30;1206.00;1.74;0
45;bunker;2123.00;10.20;1208.00;4.40;0
45;bunker;2119.00;10.20;1198.00;0.79;0
45;bunker;2138.00;10.20;1193.00;4.91;0
45;bunker;2118.00;10.30;1211.00;5.01;0
45;bunker;2130.00;9.65;1187.00;2.85;0
45;bunker;2109.00;10.30;1200.00;5.52;0
45;coastal_bunker;2104.00;9.50;1188.00;0.93;0
45;coastal_bunker;2138.00;9.50;1185.00;-0.46;0
45;dockyard;2100.00;9.57;1188.00;-0.98;0
45;anti_air_building;2121.00;10.10;1208.00;6.03;0
45;anti_air_building;2127.00;10.20;1206.00;2.41;0
45;anti_air_building;2113.00;10.25;1210.00;3.96;0
45;synthetic_refinery;2117.00;10.20;1199.00;1.81;0
45;radar_station;2119.00;10.23;1201.00;5.77;0
45;rocket_site;2100.00;9.70;1189.00;0.85;0
45;nuclear_reactor;2120.00;9.85;1193.00;3.87;0
46;arms_factory;2068.00;9.50;1177.00;1.07;0
46;arms_factory;2061.00;10.30;1188.00;2.27;0
46;arms_factory;2061.00;10.30;1187.00;0.11;0
46;arms_factory;2061.00;10.50;1191.00;2.78;0
46;arms_factory;2058.00;9.55;1180.00;4.34;0
46;arms_factory;2073.00;10.40;1198.00;2.17;0
46;industrial_complex;2053.00;10.07;1183.00;4.84;0
46;industrial_complex;2075.00;10.30;1200.00;0.12;0
46;industrial_complex;2066.00;10.00;1183.00;2.78;0
46;industrial_complex;2058.00;10.50;1187.00;0.62;0
46;industrial_complex;2064.00;10.25;1186.00;1.83;0
46;industrial_complex;2069.00;10.32;1195.00;4.85;0
46;air_base;2067.00;10.15;1188.00;1.23;0
46;naval_base;2056.00;9.50;1178.00;1.11;5952
46;bunker;2058.00;9.50;1179.00;2.34;0
46;bunker;2073.00;10.30;1203.00;0.18;0
46;bunker;2061.00;10.30;1187.00;1.74;0
46;bunker;2064.00;9.55;1180.00;4.40;0
46;bunker;2064.00;10.50;1193.00;0.79;0
46;bunker;2079.00;9.50;1191.00;4.91;0
46;bunker;2070.00;10.20;1194.00;5.01;0
46;bunker;2053.00;10.00;1182.00;2.85;0
46;coastal_bunker;2055.00;9.50;1178.00;1.11;0
46;dockyard;2056.00;9.50;1178.00;1.11;0
46;anti_air_building;2076.00;10.00;1196.00;5.52;0
46;anti_air_building;2082.00;10.25;1200.00;3.36;0
46;anti_air_building;2064.00;10.55;1195.00;6.03;0
46;synthetic_refinery;2080.00;10.45;1203.00;2.41;0
46;radar_station;2068.00;10.20;1192.00;5.07;0
46;rocket_site;2068.00;9.63;1180.00;1.81;0
46;nuclear_reactor;2080.00;9.65;1193.00;3.02;0
47;arms_factory;2093.00;10.60;1235.00;0.11;0
47;arms_factory;2064.00;10.85;1238.00;2.78;0
47;arms_factory;2079.00;10.20;1242.00;4.34;0
47;arms_factory;2070.00;10.60;1220.00;2.17;0
47;arms_factory;2085.00;10.30;1233.00;4.84;0
47;arms_factory;2063.00;11.05;1244.00;0.12;0
47;industrial_complex;2092.00;10.60;1233.00;2.78;0
47;industrial_complex;2081.00;10.40;1250.00;0.62;0
47;industrial_complex;2073.00;10.15;1235.00;1.83;0
47;industrial_complex;2070.00;10.25;1235.00;4.85;0
47;industrial_complex;2073.00;10.40;1247.00;1.23;0
47;industrial_complex;2062.00;11.10;1242.00;5.35;0
47;air_base;2091.00;10.60;1231.00;0.28;0
47;naval_base;2054.00;9.78;1243.00;-1.82;5904
47;bunker;2080.00;10.20;1239.00;0.79;0
47;bunker;2065.00;11.15;1224.00;4.91;0
47;bunker;2076.00;10.40;1228.00;5.01;0
47;bunker;2067.00;10.50;1230.00;2.85;0
47;bunker;2069.00;10.70;1246.00;5.52;0
47;bunker;2065.00;10.93;1241.00;0.79;0
47;bunker;2089.00;10.50;1241.00;4.91;0
47;bunker;2058.00;11.10;1234.00;1.29;0
47;bunker;2056.00;10.28;1241.00;5.42;0
47;bunker;2093.00;10.60;1236.00;5.52;0
47;bunker;2084.00;10.40;1238.00;3.36;0
47;bunker;2082.00;10.20;1230.00;6.03;0
47;bunker;2082.00;10.15;1247.00;2.41;0
47;coastal_bunker;2055.00;10.32;1244.00;-1.82;0
47;dockyard;2055.00;10.32;1244.00;-1.82;0
47;anti_air_building;2082.00;10.10;1244.00;4.48;0
47;anti_air_building;2089.00;10.60;1236.00;0.86;0
47;anti_air_building;2085.00;10.50;1236.00;3.52;0
47;synthetic_refinery;2065.00;11.00;1242.00;1.36;0
47;radar_station;2078.00;10.10;1236.00;4.54;0
47;rocket_site;2067.00;10.60;1237.00;5.59;0
47;nuclear_reactor;2073.00;10.25;1237.00;1.97;0
48;arms_factory;2059.00;10.32;1201.00;4.34;0
48;arms_factory;2031.00;10.55;1203.00;2.17;0
48;arms_factory;2040.00;10.50;1202.00;4.84;0
48;arms_factory;2047.00;10.30;1199.00;0.12;0
48;arms_factory;2037.00;10.25;1193.00;2.78;0
48;arms_factory;2051.00;10.15;1201.00;0.62;0
48;industrial_complex;2033.00;10.43;1212.00;1.83;0
48;industrial_complex;2049.00;10.10;1188.00;4.85;0
48;industrial_complex;2037.00;10.55;1198.00;1.23;0
48;industrial_complex;2028.00;10.55;1194.00;5.35;0
48;industrial_complex;2017.00;10.55;1198.00;0.28;0
48;industrial_complex;2051.00;10.60;1196.00;3.29;0
48;air_base;2047.00;10.40;1198.00;1.13;0
48;naval_base;2019.00;10.63;1209.00;-3.61;5699
48;bunker;2029.00;10.40;1195.00;5.01;0
48;bunker;2048.00;10.40;1195.00;2.85;0
48;bunker;2041.00;10.50;1200.00;5.52;0
48;bunker;2028.00;10.55;1194.00;0.79;0
48;bunker;2018.00;10.65;1199.00;4.91;0
48;bunker;2035.00;10.40;1201.00;1.29;0
48;bunker;2018.00;11.30;1205.00;5.42;0
48;bunker;2022.00;10.65;1200.00;5.52;0
48;bunker;2056.00;10.60;1196.00;3.36;0
48;bunker;2036.00;10.43;1208.00;6.03;0
48;bunker;2030.00;10.07;1211.00;2.41;0
48;bunker;2064.00;10.30;1204.00;3.96;0
48;bunker;2050.00;10.23;1201.00;1.81;0
48;coastal_bunker;2021.00;10.73;1208.00;-3.61;0
48;dockyard;2020.00;10.85;1208.00;-3.61;0
48;anti_air_building;2025.00;10.65;1200.00;3.52;0
48;anti_air_building;2043.00;10.60;1197.00;1.36;0
48;anti_air_building;2059.00;10.45;1200.00;2.92;0
48;synthetic_refinery;2042.00;10.50;1201.00;5.59;0
48;radar_station;2040.00;10.55;1200.00;2.68;0
48;rocket_site;2032.00;10.40;1205.00;6.09;0
48;nuclear_reactor;2033.00;10.20;1193.00;1.37;0
49;arms_factory;2096.00;10.20;1218.00;4.84;0
49;arms_factory;2087.00;10.30;1217.00;0.12;0
49;arms_factory;2097.00;10.15;1216.00;2.78;0
49;arms_factory;2062.00;11.15;1214.00;0.62;0
49;arms_factory;2101.00;10.30;1208.00;1.83;0
49;arms_factory;2103.00;10.30;1207.00;4.85;0
49;industrial_complex;2099.00;10.30;1215.00;1.23;0
49;industrial_complex;2092.00;9.78;1188.00;5.35;0
49;industrial_complex;2075.00;10.60;1214.00;0.28;0
49;industrial_complex;2070.00;10.20;1208.00;3.29;0
49;industrial_complex;2080.00;10.60;1221.00;1.13;0
49;industrial_complex;2087.00;9.70;1191.00;2.34;0
49;air_base;2076.00;10.60;1211.00;0.18;0
49;bunker;2099.00;10.30;1199.00;0.79;0
49;bunker;2097.00;10.10;1215.00;4.91;0
49;bunker;2099.00;10.30;1214.00;5.01;0
49;bunker;2079.00;10.60;1213.00;2.85;0
49;bunker;2093.00;10.30;1209.00;5.52;0
49;bunker;2094.00;10.40;1225.00;0.79;0
49;bunker;2075.00;10.60;1217.00;4.91;0
49;bunker;2103.00;10.30;1201.00;1.29;0
49;bunker;2087.00;10.20;1197.00;5.42;0
49;bunker;2067.00;10.70;1216.00;5.52;0
49;bunker;2062.00;11.15;1215.00;3.36;0
49;bunker;2089.00;9.50;1188.00;6.03;0
49;anti_air_building;2090.00;9.63;1188.00;3.02;0
49;anti_air_building;2104.00;10.25;1211.00;0.85;0
49;anti_air_building;2064.00;10.90;1214.00;3.87;0
49;synthetic_refinery;2105.00;10.20;1203.00;5.08;0
49;radar_station;2084.00;10.55;1207.00;3.14;0
49;rocket_site;2075.00;10.60;1218.00;4.48;0
49;nuclear_reactor;2068.00;10.40;1211.00;0.86;0
50;arms_factory;2123.00;11.15;1228.00;2.78;0
50;arms_factory;2125.00;10.78;1222.00;0.62;0
50;arms_factory;2118.00;10.53;1224.00;1.83;0
50;arms_factory;2117.00;10.30;1220.00;4.85;0
50;arms_factory;2132.00;10.55;1212.00;1.23;0
50;arms_factory;2125.00;11.20;1228.00;5.35;0
50;industrial_complex;2105.00;10.40;1225.00;0.28;0
50;industrial_complex;2118.00;11.10;1233.00;3.29;0
50;industrial_complex;2117.00;11.10;1230.00;1.13;0
50;industrial_complex;2109.00;10.10;1214.00;2.34;0
50;industrial_complex;2117.00;10.55;1225.00;0.18;0
50;industrial_complex;2819.00;10.50;1585.00;1.74;0
50;air_base;2128.00;10.40;1214.00;4.40;0
50;naval_base;2818.00;10.50;1587.00;-4.22;2799
50;bunker;2111.00;10.10;1220.00;2.85;0
50;bunker;2820.00;10.50;1583.00;5.52;0
50;bunker;2108.00;10.40;1228.00;0.79;0
50;bunker;2122.00;11.25;1231.00;4.91;0
50;bunker;2102.00;10.60;1231.00;1.29;0
50;bunker;2125.00;11.07;1236.00;5.42;0
50;bunker;2123.00;10.30;1217.00;5.52;0
50;bunker;2115.00;10.50;1226.00;3.36;0
50;bunker;2115.00;10.85;1235.00;6.03;0
50;coastal_bunker;2820.00;10.30;1587.00;-4.22;0
50;dockyard;2822.00;10.38;1583.00;-4.22;0
50;anti_air_building;2107.00;10.50;1230.00;0.85;0
50;anti_air_building;2101.00;10.50;1226.00;3.87;0
50;anti_air_building;2099.00;10.40;1225.00;5.08;0
50;synthetic_refinery;2105.00;10.30;1221.00;2.92;0
50;radar_station;2127.00;10.88;1240.00;6.07;0
50;rocket_site;2126.00;10.90;1223.00;0.86;0
50;nuclear_reactor;2121.00;10.30;1218.00;3.52;0
51;arms_factory;2088.00;10.60;1261.00;1.83;0
51;arms_factory;2081.00;10.50;1254.00;4.85;0
51;arms_factory;2083.00;10.48;1259.00;1.23;0
51;arms_factory;2086.00;10.45;1261.00;5.35;0
51;arms_factory;2069.00;10.90;1254.00;0.28;0
51;arms_factory;2057.00;11.40;1276.00;3.29;0
51;industrial_complex;2066.00;10.25;1265.00;1.13;0
51;industrial_complex;2070.00;10.50;1264.00;2.34;0
51;industrial_complex;2092.00;10.55;1260.00;0.18;0
51;industrial_complex;2055.00;11.60;1273.00;1.74;0
51;industrial_complex;2058.00;11.25;1273.00;4.40;0
51;industrial_complex;2082.00;10.50;1261.00;0.79;0
51;air_base;2068.00;11.00;1252.00;4.91;0
51;naval_base;2053.00;12.23;1279.00;-3.73;5976
51;bunker;2070.00;10.50;1263.00;5.52;0
51;bunker;2059.00;11.20;1274.00;0.79;0
51;bunker;2067.00;11.10;1252.00;4.91;0
51;bunker;2079.00;10.70;1257.00;1.29;0
51;bunker;2089.00;10.50;1258.00;5.42;0
51;bunker;2053.00;11.95;1273.00;5.52;0
51;bunker;2085.00;10.50;1257.00;3.36;0
51;bunker;2069.00;10.80;1258.00;6.03;0
51;bunker;2067.00;10.35;1269.00;2.41;0
51;bunker;2082.00;10.50;1261.00;3.96;0
51;bunker;2054.00;11.73;1271.00;1.81;0
51;coastal_bunker;2056.00;11.78;1278.00;-3.73;0
51;dockyard;2055.00;11.93;1278.00;-3.73;0
51;anti_air_building;2055.00;11.75;1275.00;5.08;0
51;anti_air_building;2059.00;11.07;1268.00;2.92;0
51;anti_air_building;2054.00;11.70;1272.00;4.48;0
51;synthetic_refinery;2072.00;10.80;1258.00;0.86;0
51;radar_station;2074.00;10.63;1263.00;5.31;0
51;rocket_site;2083.00;10.55;1258.00;1.36;0
51;nuclear_reactor;2069.00;10.60;1261.00;2.92;0
52;arms_factory;2090.00;10.25;1250.00;1.23;0
52;arms_factory;2101.00;10.45;1248.00;5.35;0
52;arms_factory;2102.00;10.40;1253.00;0.28;0
52;arms_factory;2096.00;10.40;1247.00;3.29;0
52;arms_factory;2118.00;10.20;1254.00;1.13;0
52;arms_factory;2099.00;10.60;1246.00;2.34;0
52;industrial_complex;2123.00;10.20;1250.00;0.18;0
52;industrial_complex;2123.00;10.90;1243.00;1.74;0
52;industrial_complex;2121.00;10.30;1249.00;4.40;0
52;industrial_complex;2102.00;10.60;1238.00;0.79;0
52;industrial_complex;2117.00;10.80;1240.00;4.91;0
52;industrial_complex;2118.00;10.55;1245.00;5.01;0
52;air_base;2100.00;10.60;1243.00;2.85;0
52;bunker;2100.00;10.20;1254.00;1.29;0
52;bunker;2115.00;10.50;1243.00;5.42;0
52;bunker;2108.00;10.30;1257.00;5.52;0
52;bunker;2125.00;10.78;1244.00;3.36;0
52;bunker;2102.00;10.60;1238.00;6.03;0
52;bunker;2107.00;10.18;1261.00;2.41;0
52;bunker;2102.00;10.20;1257.00;3.96;0
52;bunker;2097.00;10.20;1255.00;1.81;0
52;bunker;2092.00;10.30;1248.00;3.02;0
52;bunker;2114.00;10.25;1253.00;0.85;0
52;anti_air_building;2099.00;10.15;1255.00;0.86;0
52;anti_air_building;2097.00;10.40;1248.00;3.52;0
52;anti_air_building;2102.00;10.30;1254.00;1.36;0
52;synthetic_refinery;2123.00;10.70;1245.00;2.92;0
52;radar_station;2109.00;10.30;1251.00;1.20;0
52;rocket_site;2126.00;10.70;1244.00;1.97;0
52;nuclear_reactor;2121.00;10.85;1241.00;6.09;0
53;arms_factory;1954.00;10.60;1175.00;0.28;0
53;arms_factory;1956.00;9.60;1181.00;3.29;0
53;arms_factory;1954.00;10.55;1173.00;1.13;0
53;arms_factory;1955.00;10.13;1179.00;2.34;0
53;arms_factory;1957.00;9.50;1183.00;0.18;0
53;arms_factory;1961.00;9.95;1190.00;1.74;0
53;industrial_complex;1957.00;10.10;1180.00;4.40;0
53;industrial_complex;1954.00;10.53;1172.00;0.79;0
53;industrial_complex;1954.00;10.28;1178.00;4.91;0
53;industrial_complex;1958.00;10.00;1181.00;5.01;0
53;industrial_complex;1960.00;9.50;1189.00;2.85;0
53;industrial_complex;1956.00;10.28;1179.00;5.52;0
53;air_base;1953.00;10.40;1171.00;0.79;0
53;naval_base;1948.00;9.50;1177.00;-3.14;5751
53;naval_base;1956.00;9.50;1183.00;-2.03;5751
53;naval_base;1959.00;9.50;1191.00;-2.36;5751
53;bunker;1958.00;9.80;1182.00;3.36;0
53;bunker;1951.00;9.63;1177.00;6.03;0
53;bunker;1960.00;9.50;1189.00;2.41;0
53;bunker;1953.00;10.35;1175.00;3.96;0
53;coastal_bunker;1958.00;9.50;1188.00;-2.36;0
53;coastal_bunker;1949.00;9.50;1177.00;-3.14;0
53;coastal_bunker;1956.00;9.50;1184.00;-2.03;0
53;dockyard;1957.00;9.50;1186.00;-2.36;0
53;anti_air_building;1961.00;9.95;1190.00;2.92;0
53;anti_air_building;1956.00;9.95;1180.00;4.48;0
53;anti_air_building;1959.00;9.50;1186.00;0.86;0
53;synthetic_refinery;1954.00;10.28;1178.00;3.52;0
53;radar_station;1954.00;9.50;1181.00;0.50;0
53;rocket_site;1959.00;9.50;1189.00;2.92;0
53;nuclear_reactor;1956.00;10.28;1179.00;5.59;0
28;arms_factory;1996.00;12.75;1175.00;2.98;0
28;arms_factory;1997.00;12.45;1178.00;4.19;0
28;arms_factory;1999.00;11.93;1182.00;0.92;0
28;arms_factory;2003.00;11.25;1182.00;3.59;0
28;arms_factory;2007.00;10.07;1176.00;6.25;0
28;arms_factory;2001.00;10.28;1164.00;2.64;0
28;industrial_complex;2000.00;10.75;1165.00;5.65;0
28;industrial_complex;1999.00;11.32;1167.00;2.04;0
28;industrial_complex;1997.00;12.48;1174.00;4.70;0
28;industrial_complex;2003.00;11.18;1176.00;2.54;0
28;industrial_complex;2004.00;11.10;1180.00;4.10;0
28;industrial_complex;2001.00;10.88;1167.00;0.48;0
28;naval_base;2003.00;9.53;1164.00;1.57;3595
28;bunker;2003.00;10.05;1167.00;6.16;0
28;bunker;2000.00;10.95;1166.00;1.09;0
28;coastal_bunker;2003.00;9.88;1166.00;1.57;0
28;dockyard;2007.00;9.50;1172.00;-0.46;0
28;rocket_site;2005.00;10.65;1176.00;3.15;0