state={
	id=802
	name="STATE_802"

	history={
		owner = TUG
		add_core_of = TUG
	}
	
	provinces={
		104 118 339 347 555 573 613 628 722 815 842 884 966 968 1057 1132 1154 1161 1170 1188 1485 1696 1737 1937 1939 2058 2242 2336 2436 2454 2699 2914 3234 3588 3598 3750 3806 3925 3982 4051 8674 8677 8683 8687 8699 8712 8717 8723 8729 8737 8741 8750 8752 8758 8764 8769 8771 8796 8802 8803 8811 8815 8818 8820 8823 8841 8854 8855 8873 8884 8895 8902 
	}
	manpower=10000
	state_category=rural
	buildings_max_level_factor=1.000
}
