state={
	id=812
	name="STATE_812"

	history={
		owner = TUG
		add_core_of = TUG
	}
	
	provinces={
		28 34 187 195 224 240 257 278 280 284 296 393 395 443 468 484 547 554 607 610 622 656 667 711 765 819 862 881 969 977 992 1041 1042 1123 1212 1313 1369 1371 1451 1630 1860 1891 1943 1989 2067 2167 2198 2205 2466 2622 2719 2732 2792 2798 2857 3036 3414 3471 3491 3842 4001 4013 8782 8807 8829 8848 8866 8868 8872 8875 8880 8892 8906 8923 8934 8940 8957 8960 8965 
	}
	manpower=10000
	state_category=rural
	buildings_max_level_factor=1.000
}
